418
1939 7 9 1
2521 7 11 1
2979 0 19 1
1351 6 9 1
1778 7 10 1
3823 0 18 1
2954 1 19 1
1183 5 9 1
297 6 10 1
2847 6 12 1
1492 0 9 1
4033 0 17 1
1392 1 18 1
4960 4 9 1
4851 5 10 1
334 5 12 1
3204 6 11 1
851 0 10 1
620 0 16 1
2034 1 9 1
1640 1 17 1
441 3 9 1
3550 4 10 1
3727 5 11 1
4768 15 19 1
1849 19 19 1
1993 0 11 1
4554 0 15 1
769 1 10 1
4817 1 16 1
2003 2 9 1
4179 2 17 1
3779 3 10 1
4709 4 11 1
4244 15 18 1
2558 16 19 1
4539 18 19 1
2485 19 18 1
475 0 12 1
1192 0 14 1
4971 1 11 1
3158 1 15 1
2714 2 10 1
4009 2 16 1
3829 3 11 1
4090 15 17 1
3360 16 18 1
2318 17 19 1
4447 18 18 1
3815 19 11 1
4108 0 13 1
518 1 12 1
3557 1 14 1
2507 2 11 1
2238 2 15 1
3922 16 17 1
3923 17 18 1
3166 18 11 1
4291 19 12 1
4470 1 13 1
4666 2 12 1
1091 2 14 1
878 17 17 1
898 18 12 1
401 19 13 1
2950 19 17 1
2283 2 13 1
3921 2 19 1
1744 3 12 1
4454 17 12 1
2104 17 16 1
3551 18 13 1
261 18 17 1
1268 19 14 1
2219 19 16 1
4931 2 18 1
4665 3 13 1
1080 3 15 1
4909 3 19 1
4565 4 12 1
3488 5 19 1
4848 16 12 1
1373 17 13 1
1861 18 14 1
1984 18 16 1
1705 19 15 1
2362 3 14 1
4014 3 18 1
206 4 13 1
1336 4 19 1
2596 5 18 1
646 14 19 1
4816 15 12 1
1437 16 13 1
2931 17 14 1
2880 18 15 1
424 19 0 1
1244 19 10 1
499 3 17 1
1907 4 14 1
400 4 18 1
4318 5 13 1
3490 5 17 1
1779 13 19 1
2111 14 12 1
3243 14 18 1
2099 15 13 1
3894 16 14 1
2250 16 16 1
4 17 15 1
1919 18 0 1
1364 18 10 1
4140 19 1 1
840 19 9 1
3341 3 16 1
2149 4 15 1
1529 4 17 1
345 5 14 1
1732 6 13 1
4702 6 19 1
3926 12 19 1
1194 13 0 1
411 13 4 1
1762 13 12 1
3472 13 18 1
1757 14 13 1
1509 14 17 1
2570 15 14 1
966 15 16 1
830 16 15 1
4081 17 0 1
2123 18 1 1
2781 18 9 1
1602 19 2 1
2107 19 8 1
4013 4 16 1
4590 5 15 1
4843 6 14 1
3400 6 18 1
3465 7 19 1
2173 11 19 1
3140 12 18 1
951 13 1 1
1553 13 3 1
4734 13 13 1
558 13 17 1
3958 14 0 1
3638 14 4 1
3750 14 14 1
4038 14 16 1
3272 15 15 1
4031 16 0 1
2691 17 1 1
3789 17 9 1
3038 18 2 1
1677 18 8 1
3374 19 3 1
1951 19 7 1
440 5 16 1
1006 6 15 1
2600 6 17 1
1213 7 18 1
1410 8 19 1
3530 10 19 1
711 11 18 1
412 12 13 1
251 12 17 1
2754 13 2 1
1542 13 14 1
170 13 16 1
2464 14 1 1
1803 14 3 1
3164 14 7 1
1880 14 15 1
1079 15 0 1
752 16 1 1
4386 17 2 1
812 17 8 1
3525 18 3 1
1925 18 7 1
4587 19 4 1
1141 19 6 1
4472 6 16 1
628 7 17 1
4537 8 18 1
4820 9 19 1
4696 10 18 1
1958 11 17 1
1237 12 14 1
2910 12 16 1
4275 13 15 1
3655 14 2 1
394 14 6 1
2808 15 1 1
4754 15 7 1
1884 16 2 1
337 17 3 1
1013 17 7 1
2257 18 4 1
3885 18 6 1
3846 19 5 1
4346 7 16 1
1459 8 17 1
2377 9 18 1
4127 10 17 1
1335 11 14 1
4606 11 16 1
1910 12 15 1
1752 15 2 1
3444 15 6 1
15 16 3 1
978 16 7 1
3173 17 4 1
818 17 6 1
3849 18 5 1
350 7 15 1
442 8 16 1
3836 9 17 1
2773 10 14 1
772 10 16 1
3441 11 15 1
3714 15 3 1
4739 16 4 1
1608 16 6 1
41 16 8 1
427 17 5 1
904 17 11 1
3562 7 14 1
4176 8 15 1
1570 9 16 1
4732 10 15 1
4293 15 4 1
573 15 8 1
4460 16 5 1
3733 16 9 1
3181 16 11 1
1446 17 10 1
4154 7 13 1
3736 8 14 1
4152 9 15 1
2665 11 13 1
2211 15 5 1
655 15 9 1
1986 15 11 1
2576 16 10 1
1897 7 12 1
1771 8 13 1
2460 9 14 1
3174 10 13 1
992 11 12 1
102 14 5 1
2669 14 11 1
1029 15 10 1
2695 8 12 1
2312 9 13 1
4769 10 12 1
2030 11 11 1
2911 12 12 1
4317 13 5 1
3990 13 11 1
3670 14 10 1
2862 8 11 1
4206 9 12 1
3340 10 11 1
2427 12 5 1
1333 12 11 1
14 13 6 1
3493 13 10 1
3268 14 9 1
2412 8 10 1
1940 9 11 1
3741 12 6 1
3343 12 10 1
4811 13 7 1
814 13 9 1
2747 14 8 1
4748 8 9 1
2266 9 10 1
4097 11 10 1
155 12 7 1
4349 12 9 1
3133 13 8 1
927 9 9 1
4721 10 10 1
3254 11 5 1
1578 11 7 1
1967 11 9 1
2209 12 8 1
3935 10 5 1
2658 10 9 1
880 11 6 1
2968 11 8 1
1690 9 5 1
1523 10 6 1
166 10 8 1
2394 9 6 1
173 9 8 1
2657 10 7 1
2645 8 8 1
647 9 7 1
2944 7 8 1
146 8 7 1
3864 0 0 1
1179 0 4 1
2486 0 8 1
4813 6 8 1
4289 7 7 1
1274 8 6 1
3891 0 1 1
648 0 5 1
2599 0 7 1
3975 1 0 1
2378 1 4 1
3691 1 8 1
429 5 0 1
637 5 8 1
654 6 7 1
4860 7 6 1
1858 0 2 1
3600 0 6 1
1947 1 1 1
4236 1 5 1
4620 1 7 1
4875 2 0 1
2421 2 8 1
785 4 0 1
1665 4 8 1
3206 5 1 1
3909 5 7 1
2845 6 6 1
3371 0 3 1
3212 1 2 1
2430 1 6 1
2490 2 1 1
2867 2 7 1
3618 3 0 1
1780 3 8 1
4408 4 1 1
2849 4 7 1
4717 5 2 1
1488 5 6 1
4008 1 3 1
1709 2 2 1
617 2 6 1
4714 3 1 1
4978 3 7 1
911 4 2 1
4560 4 6 1
994 2 3 1
125 2 5 1
222 3 2 1
2902 3 6 1
3176 2 4 1
2956 3 3 1
3297 3 5 1
3598 3 4 1
2722 4 3 1
4427 4 5 1
3671 4 4 1
2180 5 3 1
1933 5 5 1
3337 5 4 1
4022 6 3 1
1516 6 5 1
1146 6 0 1
612 6 4 1
1647 7 5 1
4894 6 1 1
4479 7 0 1
2592 7 4 1
1246 8 5 1
2287 6 2 1
2901 7 1 1
3735 7 3 1
822 8 0 1
4211 8 4 1
739 12 4 1
3999 7 2 1
3826 8 1 1
3214 8 3 1
517 9 4 1
3138 11 4 1
2800 12 3 1
3122 8 2 1
4252 9 3 1
606 10 4 1
3754 11 3 1
233 12 2 1
365 9 2 1
2703 10 3 1
553 11 2 1
910 12 1 1
4803 9 1 1
1582 10 2 1
105 11 1 1
1050 12 0 1
4569 9 0 1
552 10 1 1
3328 11 0 1
31 11 1 28
3010 12 1 30
310 9 3 33
4729 9 4 35
1435 11 4 35
4138 8 0 35
3549 12 4 35
1486 7 5 38
4242 6 3 38
1631 6 5 38
1583 6 0 38
3799 4 3 40
3500 4 5 40
2564 3 8 44
3096 5 2 44
1205 2 0 46
2195 2 8 46
942 4 8 46
2832 5 1 46
