3 265 289
6 289 155
10 265 206
13 138 210
17 139 41
20 23 275
24 231 222
27 173 189
31 189 204
34 210 216
37 164 89
41 206 118
44 41 5
48 41 80
51 208 268
55 80 161
58 161 291
62 93 202
65 89 274
68 204 117
72 102 8
75 275 59
79 173 35
82 138 22
86 202 201
89 35 273
93 208 140
96 164 51
99 5 182
103 216 213
106 138 81
110 202 248
113 248 65
117 139 111
120 155 258
124 59 52
127 273 240
131 201 32
134 111 218
137 140 126
141 126 246
144 246 179
148 111 209
151 179 266
155 22 288
158 51 142
162 246 244
165 89 21
168 21 113
172 113 120
175 209 260
179 222 37
182 102 29
186 21 149
189 266 253
193 253 84
196 84 220
199 220 170
203 93 15
206 206 130
210 149 192
213 52 49
217 231 74
220 222 296
224 296 7
227 204 26
231 65 97
234 97 188
237 188 54
241 54 105
244 142 14
248 22 64
251 288 282
255 282 232
258 35 68
262 15 261
265 282 181
268 130 124
272 118 176
275 37 30
279 268 234
282 142 193
286 192 36
289 26 60
293 29 135
296 135 47
299 7 27
303 213 152
306 152 11
310 213 123
313 27 104
317 139 180
320 118 0
324 260 146
327 244 77
331 60 151
334 0 292
337 234 196
341 140 242
344 149 160
348 8 66
351 66 250
355 208 284
358 151 249
362 47 108
365 188 207
368 179 125
372 105 168
375 168 187
379 104 72
382 32 212
386 212 243
389 250 191
393 292 255
396 273 214
399 196 50
403 160 40
406 40 293
410 293 269
413 120 42
417 42 147
420 258 88
424 7 69
427 124 254
431 254 112
434 14 178
437 232 4
441 72 252
444 240 195
448 249 263
451 258 20
455 20 48
458 48 227
462 105 18
465 252 203
468 254 211
472 48 128
475 243 185
479 160 157
482 128 197
486 88 45
489 18 299
493 104 33
496 33 198
499 74 281
503 42 2
506 268 279
510 227 38
513 269 132
517 181 58
520 58 148
524 249 95
527 95 278
531 210 183
534 275 94
537 94 272
541 272 63
544 152 129
548 185 241
551 241 270
555 270 13
558 270 134
562 134 223
565 11 39
568 26 99
572 50 200
575 200 106
579 182 145
582 40 79
586 272 110
589 195 57
593 63 19
596 191 174
599 263 87
603 106 31
606 291 83
610 31 115
613 11 100
617 94 171
620 39 277
624 178 184
627 299 44
631 74 91
634 32 119
637 129 175
641 175 221
644 221 131
648 79 163
651 50 177
655 95 165
658 19 56
662 263 103
665 175 257
668 257 264
672 147 46
675 123 158
679 46 28
682 79 122
686 203 259
689 171 271
693 23 235
696 49 224
699 178 166
703 177 276
706 250 217
710 259 215
713 215 24
717 242 62
720 174 154
724 174 144
727 235 237
731 252 141
734 29 25
737 25 96
741 87 67
744 144 236
748 277 127
751 103 297
755 44 287
758 299 251
762 297 150
765 276 290
768 144 85
772 31 199
775 197 153
779 224 230
782 57 262
786 297 294
789 236 133
793 198 219
796 219 116
799 116 239
803 133 245
806 245 162
810 294 12
813 12 53
817 257 238
820 108 55
824 290 256
827 55 61
831 13 283
834 281 233
837 214 71
841 145 16
844 61 121
848 121 228
851 83 9
855 9 295
858 295 10
862 10 86
865 10 137
868 137 190
872 190 280
875 280 75
879 75 73
882 73 114
886 75 205
889 205 159
893 159 172
896 172 3
899 203 194
903 194 186
906 153 70
910 70 285
913 245 98
917 98 247
920 56 107
924 116 17
927 17 92
931 55 298
934 70 267
937 267 167
941 298 286
944 286 90
948 90 136
951 233 143
955 167 43
958 43 82
962 237 169
965 169 156
968 156 1
972 156 109
975 109 6
979 1 76
982 76 78
986 78 226
989 76 229
993 226 101
996 229 225
999 107 34
