936 311 1000 315
936 263 964 311
934 96 1000 102
934 0 960 96
914 747 1000 751
914 701 994 747
878 794 1000 820
878 751 991 794
875 456 1000 457
875 394 985 456
859 102 1000 142
859 0 934 102
847 257 1000 263
847 188 975 257
817 694 1000 701
817 615 948 694
781 893 1000 944
702 751 878 820
658 867 1000 893
658 820 942 867
657 568 1000 599
657 515 943 568
610 315 1000 323
610 263 936 315
610 188 847 263
522 505 1000 515
522 457 950 505
522 394 875 457
431 323 1000 336
431 188 610 323
431 142 1000 188
227 944 1000 974
227 893 781 944
227 820 658 893
227 751 702 820
227 701 914 751
181 599 1000 615
181 515 657 599
181 394 522 515
181 336 960 394
181 142 431 336
0 974 1000 1000
0 701 227 974
0 615 817 701
0 142 181 615
0 0 859 142
936 311 1000 315
936 263 964 311
934 96 1000 102
934 0 960 96
914 747 1000 751
914 701 994 747
878 794 1000 820
878 751 991 794
875 456 1000 457
875 394 985 456
859 102 1000 142
859 0 934 102
847 257 1000 263
847 188 975 257
817 694 1000 701
817 615 948 694
781 893 1000 944
702 751 878 820
658 867 1000 893
658 820 942 867
657 568 1000 599
657 515 943 568
610 315 1000 323
610 263 936 315
610 188 847 263
522 505 1000 515
522 457 950 505
522 394 875 457
431 323 1000 336
431 188 610 323
431 142 1000 188
227 944 1000 974
227 893 781 944
227 820 658 893
227 751 702 820
227 701 914 751
181 599 1000 615
181 515 657 599
181 394 522 515
181 336 960 394
181 142 431 336
0 974 1000 1000
0 701 227 974
0 615 817 701
0 142 181 615
0 0 859 142
936 311 1000 315
936 263 964 311
934 96 1000 102
934 0 960 96
914 747 1000 751
914 701 994 747
878 794 1000 820
878 751 991 794
875 456 1000 457
875 394 985 456
859 102 1000 142
859 0 934 102
847 257 1000 263
847 188 975 257
817 694 1000 701
817 615 948 694
781 893 1000 944
702 751 878 820
658 867 1000 893
658 820 942 867
657 568 1000 599
657 515 943 568
610 315 1000 323
610 263 936 315
610 188 847 263
522 505 1000 515
522 457 950 505
522 394 875 457
431 323 1000 336
431 188 610 323
431 142 1000 188
227 944 1000 974
227 893 781 944
227 820 658 893
227 751 702 820
227 701 914 751
181 599 1000 615
181 515 657 599
181 394 522 515
181 336 960 394
181 142 431 336
0 974 1000 1000
0 701 227 974
0 615 817 701
0 142 181 615
0 0 859 142
936 311 1000 315
936 263 964 311
934 96 1000 102
934 0 960 96
914 747 1000 751
914 701 994 747
878 794 1000 820
878 751 991 794
875 456 1000 457
875 394 985 456
859 102 1000 142
859 0 934 102
847 257 1000 263
847 188 975 257
817 694 1000 701
817 615 948 694
781 893 1000 944
702 751 878 820
658 867 1000 893
658 820 942 867
657 568 1000 599
657 515 943 568
610 315 1000 323
610 263 936 315
610 188 847 263
522 505 1000 515
522 457 950 505
522 394 875 457
431 323 1000 336
431 188 610 323
431 142 1000 188
227 944 1000 974
227 893 781 944
227 820 658 893
227 751 702 820
227 701 914 751
181 599 1000 615
181 515 657 599
181 394 522 515
181 336 960 394
181 142 431 336
0 974 1000 1000
0 701 227 974
0 615 817 701
0 142 181 615
0 0 859 142
936 311 1000 315
936 263 964 311
934 96 1000 102
934 0 960 96
914 747 1000 751
914 701 994 747
878 794 1000 820
878 751 991 794
875 456 1000 457
875 394 985 456
859 102 1000 142
859 0 934 102
847 257 1000 263
847 188 975 257
817 694 1000 701
817 615 948 694
781 893 1000 944
702 751 878 820
658 867 1000 893
658 820 942 867
657 568 1000 599
657 515 943 568
610 315 1000 323
610 263 936 315
610 188 847 263
522 505 1000 515
522 457 950 505
522 394 875 457
431 323 1000 336
431 188 610 323
431 142 1000 188
227 944 1000 974
227 893 781 944
227 820 658 893
227 751 702 820
227 701 914 751
181 599 1000 615
181 515 657 599
181 394 522 515
181 336 960 394
181 142 431 336
0 974 1000 1000
0 701 227 974
0 615 817 701
0 142 181 615
0 0 859 142
936 311 1000 315
936 263 964 311
934 96 1000 102
934 0 960 96
914 747 1000 751
914 701 994 747
878 794 1000 820
878 751 991 794
875 456 1000 457
875 394 985 456
859 102 1000 142
859 0 934 102
847 257 1000 263
847 188 975 257
817 694 1000 701
817 615 948 694
781 893 1000 944
702 751 878 820
658 867 1000 893
658 820 942 867
657 568 1000 599
657 515 943 568
610 315 1000 323
610 263 936 315
610 188 847 263
522 505 1000 515
522 457 950 505
522 394 875 457
431 323 1000 336
431 188 610 323
431 142 1000 188
227 944 1000 974
227 893 781 944
227 820 658 893
227 751 702 820
227 701 914 751
181 599 1000 615
181 515 657 599
181 394 522 515
181 336 960 394
181 142 431 336
0 974 1000 1000
0 701 227 974
0 615 817 701
0 142 181 615
0 0 859 142
936 311 1000 315
936 263 964 311
934 96 1000 102
934 0 960 96
914 747 1000 751
914 701 994 747
878 794 1000 820
878 751 991 794
875 456 1000 457
875 394 985 456
859 102 1000 142
859 0 934 102
847 257 1000 263
847 188 975 257
817 694 1000 701
817 615 948 694
781 893 1000 944
702 751 878 820
658 867 1000 893
658 820 942 867
657 568 1000 599
657 515 943 568
610 315 1000 323
610 263 936 315
610 188 847 263
522 505 1000 515
522 457 950 505
522 394 875 457
431 323 1000 336
431 188 610 323
431 142 1000 188
227 944 1000 974
227 893 781 944
227 820 658 893
227 751 702 820
227 701 914 751
181 599 1000 615
181 515 657 599
181 394 522 515
181 336 960 394
181 142 431 336
0 974 1000 1000
0 701 227 974
0 615 817 701
0 142 181 615
0 0 859 142
936 311 1000 315
936 263 964 311
934 96 1000 102
934 0 960 96
914 747 1000 751
914 701 994 747
878 794 1000 820
878 751 991 794
875 456 1000 457
875 394 985 456
859 102 1000 142
859 0 934 102
847 257 1000 263
847 188 975 257
817 694 1000 701
817 615 948 694
781 893 1000 944
702 751 878 820
658 867 1000 893
658 820 942 867
657 568 1000 599
657 515 943 568
610 315 1000 323
610 263 936 315
610 188 847 263
522 505 1000 515
522 457 950 505
522 394 875 457
431 323 1000 336
431 188 610 323
431 142 1000 188
227 944 1000 974
227 893 781 944
227 820 658 893
227 751 702 820
227 701 914 751
181 599 1000 615
181 515 657 599
181 394 522 515
181 336 960 394
181 142 431 336
0 974 1000 1000
0 701 227 974
0 615 817 701
0 142 181 615
0 0 859 142
936 311 1000 315
936 263 964 311
934 96 1000 102
934 0 960 96
914 747 1000 751
914 701 994 747
878 794 1000 820
878 751 991 794
875 456 1000 457
875 394 985 456
859 102 1000 142
859 0 934 102
847 257 1000 263
847 188 975 257
817 694 1000 701
817 615 948 694
781 893 1000 944
702 751 878 820
658 867 1000 893
658 820 942 867
657 568 1000 599
657 515 943 568
610 315 1000 323
610 263 936 315
610 188 847 263
522 505 1000 515
522 457 950 505
522 394 875 457
431 323 1000 336
431 188 610 323
431 142 1000 188
227 944 1000 974
227 893 781 944
227 820 658 893
227 751 702 820
227 701 914 751
181 599 1000 615
181 515 657 599
181 394 522 515
181 336 960 394
181 142 431 336
0 974 1000 1000
0 701 227 974
0 615 817 701
0 142 181 615
0 0 859 142
936 311 1000 315
936 263 964 311
934 96 1000 102
934 0 960 96
914 747 1000 751
914 701 994 747
878 794 1000 820
878 751 991 794
875 456 1000 457
875 394 985 456
859 102 1000 142
859 0 934 102
847 257 1000 263
847 188 975 257
817 694 1000 701
817 615 948 694
781 893 1000 944
702 751 878 820
658 867 1000 893
658 820 942 867
657 568 1000 599
657 515 943 568
610 315 1000 323
610 263 936 315
610 188 847 263
522 505 1000 515
522 457 950 505
522 394 875 457
431 323 1000 336
431 188 610 323
431 142 1000 188
227 944 1000 974
227 893 781 944
227 820 658 893
227 751 702 820
227 701 914 751
181 599 1000 615
181 515 657 599
181 394 522 515
181 336 960 394
181 142 431 336
0 974 1000 1000
0 701 227 974
0 615 817 701
0 142 181 615
0 0 859 142
936 311 1000 315
936 263 964 311
934 96 1000 102
934 0 960 96
914 747 1000 751
914 701 994 747
878 794 1000 820
878 751 991 794
875 456 1000 457
875 394 985 456
859 102 1000 142
859 0 934 102
847 257 1000 263
847 188 975 257
817 694 1000 701
817 615 948 694
781 893 1000 944
702 751 878 820
658 867 1000 893
658 820 942 867
657 568 1000 599
657 515 943 568
610 315 1000 323
610 263 936 315
610 188 847 263
522 505 1000 515
522 457 950 505
522 394 875 457
431 323 1000 336
431 188 610 323
431 142 1000 188
227 944 1000 974
227 893 781 944
227 820 658 893
227 751 702 820
227 701 914 751
181 599 1000 615
181 515 657 599
181 394 522 515
181 336 960 394
181 142 431 336
0 974 1000 1000
0 701 227 974
0 615 817 701
0 142 181 615
0 0 859 142
936 311 1000 315
936 263 964 311
934 96 1000 102
934 0 960 96
914 747 1000 751
914 701 994 747
878 794 1000 820
878 751 991 794
875 456 1000 457
875 394 985 456
859 102 1000 142
859 0 934 102
847 257 1000 263
847 188 975 257
817 694 1000 701
817 615 948 694
781 893 1000 944
702 751 878 820
658 867 1000 893
658 820 942 867
657 568 1000 599
657 515 943 568
610 315 1000 323
610 263 936 315
610 188 847 263
522 505 1000 515
522 457 950 505
522 394 875 457
431 323 1000 336
431 188 610 323
431 142 1000 188
227 944 1000 974
227 893 781 944
227 820 658 893
227 751 702 820
227 701 914 751
181 599 1000 615
181 515 657 599
181 394 522 515
181 336 960 394
181 142 431 336
0 974 1000 1000
0 701 227 974
0 615 817 701
0 142 181 615
0 0 859 142
936 311 1000 315
936 263 964 311
934 96 1000 102
934 0 960 96
914 747 1000 751
914 701 994 747
878 794 1000 820
878 751 991 794
875 456 1000 457
875 394 985 456
859 102 1000 142
859 0 934 102
847 257 1000 263
847 188 975 257
817 694 1000 701
817 615 948 694
781 893 1000 944
702 751 878 820
658 867 1000 893
658 820 942 867
657 568 1000 599
657 515 943 568
610 315 1000 323
610 263 936 315
610 188 847 263
522 505 1000 515
522 457 950 505
522 394 875 457
431 323 1000 336
431 188 610 323
431 142 1000 188
227 944 1000 974
227 893 781 944
227 820 658 893
227 751 702 820
227 701 914 751
181 599 1000 615
181 515 657 599
181 394 522 515
181 336 960 394
181 142 431 336
0 974 1000 1000
0 701 227 974
0 615 817 701
0 142 181 615
0 0 859 142
936 311 1000 315
936 263 964 311
934 96 1000 102
934 0 960 96
914 747 1000 751
914 701 994 747
878 794 1000 820
878 751 991 794
875 456 1000 457
875 394 985 456
859 102 1000 142
859 0 934 102
847 257 1000 263
847 188 975 257
817 694 1000 701
817 615 948 694
781 893 1000 944
702 751 878 820
658 867 1000 893
658 820 942 867
657 568 1000 599
657 515 943 568
610 315 1000 323
610 263 936 315
610 188 847 263
522 505 1000 515
522 457 950 505
522 394 875 457
431 323 1000 336
431 188 610 323
431 142 1000 188
227 944 1000 974
227 893 781 944
227 820 658 893
227 751 702 820
227 701 914 751
181 599 1000 615
181 515 657 599
181 394 522 515
181 336 960 394
181 142 431 336
0 974 1000 1000
0 701 227 974
0 615 817 701
0 142 181 615
0 0 859 142
936 311 1000 315
936 263 964 311
934 96 1000 102
934 0 960 96
914 747 1000 751
914 701 994 747
878 794 1000 820
878 751 991 794
875 456 1000 457
875 394 985 456
859 102 1000 142
859 0 934 102
847 257 1000 263
847 188 975 257
817 694 1000 701
817 615 948 694
781 893 1000 944
702 751 878 820
658 867 1000 893
658 820 942 867
657 568 1000 599
657 515 943 568
610 315 1000 323
610 263 936 315
610 188 847 263
522 505 1000 515
522 457 950 505
522 394 875 457
431 323 1000 336
431 188 610 323
431 142 1000 188
227 944 1000 974
227 893 781 944
227 820 658 893
227 751 702 820
227 701 914 751
181 599 1000 615
181 515 657 599
181 394 522 515
181 336 960 394
181 142 431 336
0 974 1000 1000
0 701 227 974
0 615 817 701
0 142 181 615
0 0 859 142
936 311 1000 315
936 263 964 311
934 96 1000 102
934 0 960 96
914 747 1000 751
914 701 994 747
878 794 1000 820
878 751 991 794
875 456 1000 457
875 394 985 456
859 102 1000 142
859 0 934 102
847 257 1000 263
847 188 975 257
817 694 1000 701
817 615 948 694
781 893 1000 944
702 751 878 820
658 867 1000 893
658 820 942 867
657 568 1000 599
657 515 943 568
610 315 1000 323
610 263 936 315
610 188 847 263
522 505 1000 515
522 457 950 505
522 394 875 457
431 323 1000 336
431 188 610 323
431 142 1000 188
227 944 1000 974
227 893 781 944
227 820 658 893
227 751 702 820
227 701 914 751
181 599 1000 615
181 515 657 599
181 394 522 515
181 336 960 394
181 142 431 336
0 974 1000 1000
0 701 227 974
0 615 817 701
0 142 181 615
0 0 859 142
936 311 1000 315
936 263 964 311
934 96 1000 102
934 0 960 96
914 747 1000 751
914 701 994 747
878 794 1000 820
878 751 991 794
875 456 1000 457
875 394 985 456
859 102 1000 142
859 0 934 102
847 257 1000 263
847 188 975 257
817 694 1000 701
817 615 948 694
781 893 1000 944
702 751 878 820
658 867 1000 893
658 820 942 867
657 568 1000 599
657 515 943 568
610 315 1000 323
610 263 936 315
610 188 847 263
522 505 1000 515
522 457 950 505
522 394 875 457
431 323 1000 336
431 188 610 323
431 142 1000 188
227 944 1000 974
227 893 781 944
227 820 658 893
227 751 702 820
227 701 914 751
181 599 1000 615
181 515 657 599
181 394 522 515
181 336 960 394
181 142 431 336
0 974 1000 1000
0 701 227 974
0 615 817 701
0 142 181 615
0 0 859 142
936 311 1000 315
936 263 964 311
934 96 1000 102
934 0 960 96
914 747 1000 751
914 701 994 747
878 794 1000 820
878 751 991 794
875 456 1000 457
875 394 985 456
859 102 1000 142
859 0 934 102
847 257 1000 263
847 188 975 257
817 694 1000 701
817 615 948 694
781 893 1000 944
702 751 878 820
658 867 1000 893
658 820 942 867
657 568 1000 599
657 515 943 568
610 315 1000 323
610 263 936 315
610 188 847 263
522 505 1000 515
522 457 950 505
522 394 875 457
431 323 1000 336
431 188 610 323
431 142 1000 188
227 944 1000 974
227 893 781 944
227 820 658 893
227 751 702 820
227 701 914 751
181 599 1000 615
181 515 657 599
181 394 522 515
181 336 960 394
181 142 431 336
0 974 1000 1000
0 701 227 974
0 615 817 701
0 142 181 615
0 0 859 142
936 311 1000 315
936 263 964 311
934 96 1000 102
934 0 960 96
914 747 1000 751
914 701 994 747
878 794 1000 820
878 751 991 794
875 456 1000 457
875 394 985 456
859 102 1000 142
859 0 934 102
847 257 1000 263
847 188 975 257
817 694 1000 701
817 615 948 694
781 893 1000 944
702 751 878 820
658 867 1000 893
658 820 942 867
657 568 1000 599
657 515 943 568
610 315 1000 323
610 263 936 315
610 188 847 263
522 505 1000 515
522 457 950 505
522 394 875 457
431 323 1000 336
431 188 610 323
431 142 1000 188
227 944 1000 974
227 893 781 944
227 820 658 893
227 751 702 820
227 701 914 751
181 599 1000 615
181 515 657 599
181 394 522 515
181 336 960 394
181 142 431 336
0 974 1000 1000
0 701 227 974
0 615 817 701
0 142 181 615
0 0 859 142
936 311 1000 315
936 263 964 311
934 96 1000 102
934 0 960 96
914 747 1000 751
914 701 994 747
878 794 1000 820
878 751 991 794
875 456 1000 457
875 394 985 456
859 102 1000 142
859 0 934 102
847 257 1000 263
847 188 975 257
817 694 1000 701
817 615 948 694
781 893 1000 944
702 751 878 820
658 867 1000 893
658 820 942 867
657 568 1000 599
657 515 943 568
610 315 1000 323
610 263 936 315
610 188 847 263
522 505 1000 515
522 457 950 505
522 394 875 457
431 323 1000 336
431 188 610 323
431 142 1000 188
227 944 1000 974
227 893 781 944
227 820 658 893
227 751 702 820
227 701 914 751
181 599 1000 615
181 515 657 599
181 394 522 515
181 336 960 394
181 142 431 336
0 974 1000 1000
0 701 227 974
0 615 817 701
0 142 181 615
0 0 859 142
936 311 1000 315
936 263 964 311
934 96 1000 102
934 0 960 96
914 747 1000 751
914 701 994 747
878 794 1000 820
878 751 991 794
875 456 1000 457
875 394 985 456
859 102 1000 142
859 0 934 102
847 257 1000 263
847 188 975 257
817 694 1000 701
817 615 948 694
781 893 1000 944
702 751 878 820
658 867 1000 893
658 820 942 867
657 568 1000 599
657 515 943 568
610 315 1000 323
610 263 936 315
610 188 847 263
522 505 1000 515
522 457 950 505
522 394 875 457
431 323 1000 336
431 188 610 323
431 142 1000 188
227 944 1000 974
227 893 781 944
227 820 658 893
227 751 702 820
227 701 914 751
181 599 1000 615
181 515 657 599
181 394 522 515
181 336 960 394
181 142 431 336
0 974 1000 1000
0 701 227 974
0 615 817 701
0 142 181 615
0 0 859 142
936 311 1000 315
936 263 964 311
934 96 1000 102
934 0 960 96
914 747 1000 751
914 701 994 747
878 794 1000 820
878 751 991 794
875 456 1000 457
875 394 985 456
859 102 1000 142
859 0 934 102
847 257 1000 263
847 188 975 257
817 694 1000 701
817 615 948 694
781 893 1000 944
702 751 878 820
658 867 1000 893
658 820 942 867
657 568 1000 599
657 515 943 568
610 315 1000 323
610 263 936 315
610 188 847 263
522 505 1000 515
522 457 950 505
522 394 875 457
431 323 1000 336
431 188 610 323
431 142 1000 188
227 944 1000 974
227 893 781 944
227 820 658 893
227 751 702 820
227 701 914 751
181 599 1000 615
181 515 657 599
181 394 522 515
181 336 960 394
181 142 431 336
0 974 1000 1000
0 701 227 974
0 615 817 701
0 142 181 615
0 0 859 142
936 311 1000 315
936 263 964 311
934 96 1000 102
934 0 960 96
914 747 1000 751
914 701 994 747
878 794 1000 820
878 751 991 794
875 456 1000 457
875 394 985 456
859 102 1000 142
859 0 934 102
847 257 1000 263
847 188 975 257
817 694 1000 701
817 615 948 694
781 893 1000 944
702 751 878 820
658 867 1000 893
658 820 942 867
657 568 1000 599
657 515 943 568
610 315 1000 323
610 263 936 315
610 188 847 263
522 505 1000 515
522 457 950 505
522 394 875 457
431 323 1000 336
431 188 610 323
431 142 1000 188
227 944 1000 974
227 893 781 944
227 820 658 893
227 751 702 820
227 701 914 751
181 599 1000 615
181 515 657 599
181 394 522 515
181 336 960 394
181 142 431 336
0 974 1000 1000
0 701 227 974
0 615 817 701
0 142 181 615
0 0 859 142
936 311 1000 315
936 263 964 311
934 96 1000 102
934 0 960 96
914 747 1000 751
914 701 994 747
878 794 1000 820
878 751 991 794
875 456 1000 457
875 394 985 456
859 102 1000 142
859 0 934 102
847 257 1000 263
847 188 975 257
817 694 1000 701
817 615 948 694
781 893 1000 944
702 751 878 820
658 867 1000 893
658 820 942 867
657 568 1000 599
657 515 943 568
610 315 1000 323
610 263 936 315
610 188 847 263
522 505 1000 515
522 457 950 505
522 394 875 457
431 323 1000 336
431 188 610 323
431 142 1000 188
227 944 1000 974
227 893 781 944
227 820 658 893
227 751 702 820
227 701 914 751
181 599 1000 615
181 515 657 599
181 394 522 515
181 336 960 394
181 142 431 336
0 974 1000 1000
0 701 227 974
0 615 817 701
0 142 181 615
0 0 859 142
