q 1 0 0
q 1 0 2
q 1 0 4
q 1 0 6
#c 0 6 red
q 1 0 7
q 1 1 6
q 1 0 5
q 1 1 7
q 1 2 6
q 1 1 5
q 1 1 8
q 1 2 7
q 1 3 6
q 1 2 5
q 1 1 4
q 1 1 9
q 1 2 8
q 1 0 8
q 1 3 7
q 1 4 6
q 1 3 5
q 1 2 4
q 1 2 9
q 1 3 8
q 1 4 7
q 1 5 6
q 1 4 5
q 1 3 4
q 1 2 3
q 1 2 10
q 1 3 9
q 1 4 8
q 1 5 7
q 1 6 6
q 1 5 5
q 1 4 4
q 1 3 3
q 1 2 2
q 1 1 3
q 1 2 11
q 1 3 10
q 1 1 10
q 1 4 9
q 1 5 8
q 1 6 7
q 1 7 6
q 1 6 5
q 1 5 4
q 1 4 3
q 1 3 2
q 1 2 1
q 1 1 2
q 1 2 12
q 1 3 11
q 1 1 11
q 1 4 10
q 1 5 9
q 1 6 8
q 1 7 7
q 1 8 6
q 1 7 5
q 1 6 4
q 1 5 3
q 1 3 12
q 1 4 11
q 1 1 12
q 1 0 11
q 1 5 10
q 1 6 9
q 1 7 8
q 1 8 7
q 1 9 6
q 1 8 5
q 1 7 4
q 1 4 12
q 1 5 11
q 1 0 12
q 1 0 10
q 1 6 10
q 1 7 9
q 1 8 8
q 1 9 7
q 1 10 6
q 1 9 5
q 1 8 4
q 1 7 3
q 1 0 13
q 1 0 9
q 1 6 11
q 1 7 10
q 1 8 9
q 1 10 5
q 1 9 4
q 1 8 3
q 1 7 2
q 1 6 3
q 1 6 12
q 1 7 11
q 1 8 10
q 1 9 9
q 1 10 4
q 1 9 3
q 1 8 2
q 1 7 1
q 1 6 2
q 1 8 11
q 1 9 10
q 1 11 4
q 1 10 3
q 1 9 2
q 1 8 1
q 1 7 0
q 1 6 1
q 1 5 2
q 1 8 12
q 1 9 11
q 1 11 5
q 1 12 4
q 1 11 3
q 1 10 2
q 1 9 1
q 1 8 0
q 1 6 0
q 1 5 1
q 1 4 2
q 1 8 13
q 1 9 12
q 1 7 12
q 1 10 11
q 1 11 6
q 1 12 5
q 1 13 4
q 1 12 3
q 1 11 2
q 1 10 1
q 1 9 0
q 1 5 0
q 1 8 14
q 1 9 13
q 1 7 13
q 1 10 12
q 1 11 11
q 1 10 10
q 1 13 3
q 1 12 2
q 1 11 1
q 1 10 0
q 1 4 0
q 1 11 12
q 1 12 11
q 1 11 10
q 1 11 0
q 1 0 14
q 1 0 16
q 1 3 0
q 1 3 14
q 1 3 16
q 1 6 14
q 1 6 16
q 1 9 8
q 1 9 14
q 1 9 16
q 1 12 0
q 1 12 6
q 1 12 8
q 1 12 10
q 1 12 12
q 1 12 14
q 1 12 16
q 1 15 0
q 1 15 2
q 1 15 4
q 1 15 6
q 1 15 8
q 1 15 10
q 1 15 12
q 1 15 14
q 1 15 16
a 95 0 6 1 6 1 7 2 6 1 5 1 8 2 7 3 6 2 5 2 8 3 7 4 6 3 5 2 4 2 9 3 8 4 7 5 6 4 5 3 4 2 3 2 10 3 9 4 8 5 7 6 6 5 5 4 4 3 3 2 2 2 11 3 10 4 9 5 8 7 6 6 5 5 4 3 11 1 11 4 10 5 9 7 7 8 6 7 5 4 11 0 11 5 10 6 9 7 8 9 6 8 5 7 4 0 12 0 10 6 10 7 9 9 5 8 4 7 3 6 11 7 10 8 9 9 4 8 3 7 2 6 3 8 10 10 4 9 3 8 2 7 1 6 2 8 11 11 4 9 2 8 1 6 1 5 2 8 12 9 11 11 5 12 4 10 2 9 1 8 0 6 0 8 13 7 12 10 11 12 3 11 2 10 1 5 0 11 11 10 0
