3 1000 5
10000 1000000000 100
303 710334661 74
916 761601632 44
30855 968013795 54
90847 627368859 87
98333 763388778 70
36662 462791866 48
76039 685803343 10
72122 880158794 99
98763 423177740 18
11014 799726425 71
70535 696085689 19
24092 807902685 35
56292 397324727 19
68701 657684568 96
27345 563493383 80
89993 152132342 42
36745 571568918 39
91551 527637597 48
14968 527525377 99
61018 859133830 37
97364 166770369 26
45909 386186329 18
99862 318606260 71
33208 737591144 96
34508 393440954 95
17139 860037137 64
70975 643925862 36
85308 458271586 12
40732 791362389 99
16661 412260070 99
21500 904984764 99
99592 660987383 99
98406 50701760 99
39 942600069 8
65 267998082 8
33 265457724 9
38 358417062 7
94 147615202 5
95725 636750977 1
43228 403638838 1
46287 166570381 1
32235 858810151 1
99683 585120867 1
6937 870213144 96
3 615798082 98
1 1 1
100000 1000000000 1
7210 747428215 1
0 0 0
