3 1000 5
10000 1000000000 100
46340 471758347 12
44323 640950962 2
29062 828031977 87
69961 671528227 18
93340 872840195 93
34826 346573330 13
48280 328015966 41
60060 580677339 99
67662 580415680 36
85315 79023548 5
1123 973625232 30
99102 749071445 5
67193 569929548 27
65882 494488868 75
56798 154646785 76
34454 560149728 13
38252 581540720 82
4145 198419679 60
61543 308016398 63
7210 747428215 1
4865 760040535 79
9244 936228554 21
38046 867254793 45
70974 811377982 78
59382 443093305 32
73493 694800665 97
13836 554422724 43
84164 373379235 8
88720 911439752 99
68550 590558982 99
70838 34027176 99
46953 732785745 99
24689 242339773 99
92 755205206 3
27 984492339 7
78 991952731 10
90 522179269 9
45 746720719 3
71938 494068803 1
21414 161167299 1
15931 826445781 1
90232 826718167 1
26358 59667598 1
6937 870213144 96
3 615798082 98
1 1 1
100000 1000000000 1
7210 747428215 1
0 0 0
