2860
2000000000
1670246366
2492514432
2760631934
1348482491
1853944176
1426941587
7543836773
1769208081
2774165185
1926101672
4359694579
3116196071
2488507501
1342772660
1267860112
514352204
2037130247
1626882591
1060379294
3181117155
808194866
2531665935
767347472
1505915253
807589327
2203845164
2432608812
4277201470
1590718338
828684384
1819110789
1328651407
101915659
12092492804
3593656478
3027874582
5059779619
3068328768
64311848677
40767522638
16823608481
86739825251
59097207567
1776685169
1083882535
1
101000000000
75490249715
