2860
2000000000
4403077906
32688499062
1779792871
4402240600
1811378040
3012522023
1128054908
1167220106
2192681458
1659494508
4219042672
15730500345
2680779726
1153807359
358129397
4868993790
1290736720
529119144
796931316
75490249715
1722117162
5394459764
2794487667
1851606165
1827759884
1411090011
1843777897
5040619673
1832085967
1187083207
68398061
1472973367
487127423
24219656172
12626880852
10905034581
6321463339
18857889591
49900949103
16277897199
83471023881
83498534867
6026427398
1776685169
1083882535
1
101000000000
75490249715
