365
13 4 14 4
27 19 26 18
23 7 24 7
16 14 17 14
9 1 10 1
20 4 19 4
23 22 22 21
22 12 21 11
11 8 10 7
27 9 26 9
12 9 11 9
29 27 28 26
9 3 8 2
21 1 20 1
14 7 13 7
23 22 24 22
16 5 15 5
15 13 14 12
14 12 15 12
26 8 25 7
16 5 17 5
13 7 14 8
24 20 23 19
12 2 13 2
3 2 4 2
8 3 7 3
14 4 13 3
12 7 11 7
19 12 20 12
16 4 15 3
24 14 25 14
15 10 14 9
14 13 15 13
17 3 16 2
17 2 16 1
22 9 23 10
15 9 14 8
10 2 9 1
21 3 20 2
27 11 28 11
21 13 20 12
9 7 8 6
27 24 28 24
17 3 16 3
16 11 15 11
29 14 28 13
28 27 29 27
10 8 9 7
6 4 7 4
26 6 25 5
29 28 28 27
13 6 12 5
14 4 15 4
24 14 25 15
17 8 16 7
17 13 16 12
9 6 8 5
22 12 21 12
17 10 18 10
24 21 23 20
8 7 7 6
29 7 28 6
15 1 14 1
18 5 19 5
13 9 12 8
23 2 22 1
26 7 25 6
4 3 3 2
18 7 17 6
14 3 13 3
22 5 21 4
9 2 10 2
12 11 13 11
7 3 8 4
15 4 14 3
8 5 9 5
29 3 28 2
16 13 15 12
11 10 10 9
15 9 14 9
28 4 27 3
4 1 3 1
10 4 9 4
19 1 20 2
29 16 28 15
13 2 12 1
20 16 19 15
26 20 25 20
10 1 11 2
6 2 7 2
17 2 16 2
28 15 27 14
12 7 13 8
6 4 7 5
13 6 12 6
21 14 20 13
19 11 20 11
20 17 19 16
17 8 16 8
24 8 23 7
22 16 21 15
26 25 27 25
22 10 21 10
25 23 26 23
24 15 23 15
9 6 8 6
12 3 11 3
11 7 12 8
14 13 15 14
4 2 3 1
22 12 23 13
18 6 17 5
18 13 19 13
13 10 14 11
7 2 6 1
20 12 19 11
29 10 28 9
13 9 12 9
23 4 24 5
6 1 7 1
25 20 26 21
27 25 28 25
16 6 15 5
14 6 13 5
19 3 18 2
29 2 28 1
18 2 17 1
20 5 19 4
5 2 4 1
24 4 25 4
5 1 4 1
27 4 26 4
28 21 27 21
17 16 16 15
12 10 11 9
26 2 25 1
11 6 10 5
26 3 25 3
17 6 18 6
4 2 5 3
15 6 14 5
18 14 19 14
17 10 18 11
21 16 22 16
11 1 12 1
24 5 23 5
12 5 11 4
20 7 19 7
9 4 10 5
20 9 19 8
27 4 28 4
28 22 27 22
10 5 9 5
19 17 18 16
15 3 14 2
13 8 12 8
23 5 24 6
27 6 26 5
21 15 20 14
8 7 9 8
24 8 23 8
29 13 28 13
21 2 22 2
17 15 16 14
11 5 10 4
24 5 25 6
21 11 20 10
26 22 25 21
8 4 7 4
18 15 19 15
22 17 21 16
27 17 26 16
6 5 7 5
17 7 16 6
27 24 28 25
17 4 18 4
26 16 27 16
18 12 17 11
14 6 15 6
19 8 18 7
15 2 14 2
17 2 18 2
23 18 22 17
29 17 28 16
12 4 11 3
20 5 21 5
24 17 23 16
26 2 25 2
15 11 14 10
20 18 21 18
7 4 6 3
19 13 18 12
24 1 25 1
18 5 19 6
15 14 16 15
13 9 14 9
25 18 24 18
26 23 25 22
21 18 20 17
20 14 21 14
22 5 21 5
24 15 25 15
28 17 29 17
23 11 22 11
19 2 18 1
27 20 26 19
12 4 11 4
20 13 21 13
11 4 10 3
22 4 21 4
24 10 23 9
18 8 19 8
24 8 25 8
24 23 23 22
21 12 20 12
18 11 17 11
26 24 25 23
16 8 17 9
29 3 28 3
17 7 16 7
20 7 21 7
20 8 19 7
22 15 21 14
27 4 28 5
24 6 23 6
19 7 18 7
24 1 25 2
28 14 27 14
27 9 28 9
21 15 22 15
23 9 24 9
27 19 26 19
27 26 26 25
22 8 21 7
18 16 19 16
28 3 27 2
25 4 24 3
24 20 23 20
20 8 21 8
19 14 18 13
21 19 20 18
24 23 25 24
15 10 14 10
21 10 20 10
20 19 21 19
25 3 24 2
29 7 28 7
22 1 23 1
20 17 19 17
23 15 24 16
19 15 18 14
23 14 22 13
21 2 22 3
11 2 10 2
22 20 21 19
23 17 24 17
23 21 22 20
21 3 20 3
26 5 25 5
25 12 26 12
25 14 24 13
28 15 27 15
11 6 10 6
26 14 27 15
24 11 23 10
23 6 24 7
29 14 28 14
23 11 24 11
9 2 10 3
19 10 18 10
19 10 20 11
21 12 22 13
27 16 26 15
19 5 18 4
10 5 11 5
27 10 28 10
25 13 24 13
29 22 28 22
23 21 22 21
17 9 16 9
27 18 28 19
26 7 25 7
15 8 16 9
23 14 22 14
25 10 24 9
17 13 16 13
11 3 10 3
24 19 25 19
23 13 22 13
27 23 28 23
25 15 26 15
24 3 25 3
21 20 20 19
20 8 21 9
28 6 27 5
19 9 18 8
28 18 29 18
27 1 28 1
26 7 27 7
20 7 21 8
18 1 17 1
28 23 27 22
25 8 24 7
23 19 22 18
27 20 26 20
27 12 26 12
19 9 20 9
20 9 21 9
16 12 17 12
27 5 28 5
24 9 23 8
20 17 21 17
29 18 28 17
17 14 16 13
22 3 23 3
24 8 25 9
29 15 28 14
20 10 19 9
28 7 29 8
22 11 23 12
21 19 22 19
26 20 27 21
26 6 25 6
28 24 27 23
25 22 24 21
19 16 18 15
25 16 24 15
24 9 25 9
28 16 27 15
23 10 24 10
25 21 26 21
19 15 20 15
19 16 20 16
24 12 23 12
26 6 27 7
20 6 21 6
28 2 27 2
28 10 27 9
21 7 20 6
22 18 23 18
19 3 18 3
28 2 29 2
26 17 25 16
28 15 29 15
21 20 22 20
28 11 27 10
26 15 25 14
23 3 22 2
24 17 25 17
27 11 28 12
25 22 26 22
14 6 15 7
25 19 24 18
26 12 27 13
22 6 21 6
23 16 24 16
25 16 24 16
24 16 25 17
25 2 24 2
25 10 26 11
25 13 26 13
27 12 28 12
28 23 29 24
25 12 26 13
28 24 29 24
