!
70 299 346 416 621
346 416
70 621
299 346
299 621
22 48 475 518 545
48 545
48 475
22 518
22 48
623
18 42 135 229 386 400 700 747 774 780 160 353 433 174 164 779 668 87 677 134 768 263
433 779
164 174
174 677
668 779
42 229
134 160
747 774
164 353
386 780
42 780
263 768
18 400
229 700
774 780
18 229
263 747
668 677
135 747
87 677
160 433
174 768
155 213 274 409 592 614 561
409 592
155 274
274 614
213 614
274 409
155 561
167 285 317 684
285 684
317 684
167 317
138
130 616
130 616
81 146 358 378 421 508
146 378
358 421
81 146
81 358
146 508
104 218 354 486 509 517 557 624 711 781 793
624 793
218 781
354 517
218 509
711 793
486 624
104 218
104 624
509 517
104 557
126 181 268 325 336 365 742 91
336 742
126 365
181 742
336 365
325 365
268 742
91 325
113 116 296 414
113 414
116 296
296 414
56
342 382 413 602 751 653 197 371 749 574 704 745 730
382 751
382 602
413 602
342 382
197 371
197 745
574 704
704 745
653 704
749 751
413 745
730 749
267 483
267 483
343 524 631 26
343 631
524 631
26 524
465
283 629 795
283 629
629 795
617 250 149 289 620 522 458 790 482 206 447 128 412 691 771 640 110 95
691 771
149 289
95 640
522 620
206 412
110 790
482 790
128 771
110 620
289 620
458 482
412 447
447 771
95 149
447 458
250 617
128 250
150
79 266
79 266
169 198 303 453 521 657 763 782 723 235 525 744 142 698 349 63 488 645 706 789 428 339 543 333 456 567 399 65
349 744
235 698
456 567
142 698
169 521
198 521
349 525
142 525
303 763
198 303
453 782
657 782
453 763
303 645
706 763
723 782
333 543
65 399
63 488
339 723
63 789
399 428
488 744
339 789
428 456
567 706
543 789
23 100 288 334 643
288 643
23 334
100 334
100 288
125 261 427 556 596 664
556 664
596 664
427 664
125 261
125 556
690 777
690 777
38 96 201 309 442 514 712 794 323 94 111 564 705 497 649 659 577 241 129 484 591 275 13 538 62
96 514
275 484
94 323
577 591
38 712
514 712
129 241
564 705
591 659
649 705
129 659
309 794
275 591
201 442
38 309
442 712
13 62
94 111
62 659
62 538
497 649
94 96
309 484
241 497
52 326 788
52 326
326 788
60 90 403 431 506 575 710
90 575
60 575
90 710
60 506
431 506
403 431
45 254 549 718
45 718
45 254
45 549
151 222 469
151 222
222 469
256 560 562
256 560
256 562
40 103 300 313 661
103 661
40 103
40 300
40 313
9 77 338 377 434 449 481 7 10 2 123 228 626 693
77 338
338 377
7 10
77 228
9 10
377 434
434 481
9 449
449 481
2 123
2 626
123 693
228 626
11 118 251 520
251 520
11 520
118 520
17 534 619
17 534
534 619
61 93 175 210 328 355 426 444 528 532 766
444 766
175 532
426 528
175 328
210 328
61 355
61 93
210 528
210 766
61 766
122 226 315 585 627 662 674 604 764 743 322 265 318 669
322 669
265 318
669 743
226 585
743 764
315 662
122 627
662 674
585 627
627 743
226 674
318 669
226 604
603 796
603 796
219 770
219 770
43 59 172 202 244 259 287 314 646 663
59 202
259 314
646 663
43 259
43 172
287 663
244 287
172 663
59 646
438 448 573 581
573 581
448 581
438 448
673
46 242 767 272
242 767
46 242
46 272
3 85 192 441 450 473 559 637 555 195 474 502 19 71 607 381 297 798 513 757 799 625 350
297 381
192 473
3 559
85 637
513 625
195 555
3 450
381 607
441 450
3 192
513 799
625 757
474 555
473 637
441 502
19 473
71 297
555 607
381 502
350 757
85 799
195 798
6 194 291 359 436 689 707 748 761
6 436
359 689
6 359
194 707
291 689
436 748
707 761
291 707
189 331 395 396 423 466 553 590 597 628 462 729 230 316 393
590 597
189 553
331 597
331 423
395 628
331 395
466 628
462 729
396 553
396 590
396 462
230 316
316 393
316 423
73 190 193 247 702
190 247
247 702
73 193
193 247
25 75 173 271 320 347 376 569 610 28 21 445 765 612
173 271
320 376
347 610
173 347
75 376
271 320
376 569
25 75
21 28
21 75
25 765
569 612
445 765
106 177 329 430 536 583 733 746
329 733
430 583
177 733
177 746
106 329
106 583
106 536
554 600 611
554 611
600 611
37 99 132 180 223 516 792 570 463 572 89 383 680 432 519 772 728
516 792
463 572
99 132
383 572
132 792
223 432
37 223
89 383
37 180
132 180
516 570
223 519
432 728
728 772
180 680
463 570
15 120 209 411 461 548 720 778
120 778
548 720
548 778
209 461
461 720
15 411
15 120
112 185 262 298 341
262 341
185 341
112 298
185 298
127 260 366 660 760 369 34 775 652
260 760
260 366
34 775
652 660
369 775
260 660
369 760
127 660
238 255 292 487 526
255 526
238 292
238 526
238 487
88 102 140 184 406 595 697 714
140 595
88 697
184 697
140 697
102 406
595 714
102 140
8 32 773
32 773
8 773
86
391 501 594
501 594
391 594
108 143 217 281 496 727
108 143
281 727
217 496
143 217
143 281
608
152 156 367 397 408 558 785
408 558
152 558
152 156
156 785
156 397
152 367
64 67 131 211 231 551 650
64 211
211 551
67 131
67 211
64 231
131 650
515 587 679 755
587 679
515 755
587 755
29 676 762
29 676
29 762
121 523 598 606 694 732 248
606 694
121 598
523 606
121 732
598 694
248 523
278
613
245 722 724
722 724
245 722
162 225 327 758
225 327
162 758
162 225
49 311 601 636 784 302 492 670 471 759 5 446 533 199
492 670
302 492
636 784
49 601
311 601
311 784
471 759
670 784
5 446
533 759
446 759
49 471
199 670
392
264 277 282 373 415 731 460 153 39 586 783 145 725 53 290 176 387 638 541
387 638
153 586
725 783
145 725
53 290
282 373
277 282
415 460
53 541
39 460
176 415
290 783
176 373
264 282
277 731
460 586
176 541
387 541
66 137 451 499 632 605 257 665 148 270 76 687 380 644 512 273 384 208
273 644
273 384
451 499
384 512
76 148
66 137
76 270
208 380
137 499
270 665
605 665
148 687
605 632
380 451
512 687
380 665
257 632
191 307 374 468 494
191 494
307 494
307 468
374 468
188 310 507 571 686
310 686
188 507
507 571
571 686
92 345 370 477 615 672 503 183 139 284 642 232 493
477 672
345 615
92 672
370 477
345 370
139 284
183 503
284 642
183 615
139 232
92 139
232 493
50
464 753
464 753
154 356 429 576 655 776
356 429
356 576
154 429
154 776
655 776
243 269 443 498 692 734 20 279 36
498 734
269 692
20 279
443 692
243 498
243 443
36 243
269 279
452 459 500 578 641 769
452 578
459 578
459 500
500 641
500 769
360
69 319 478 489 527 530 667 703 485
69 530
319 667
69 478
489 703
69 489
319 478
485 527
485 703
24 157 182 240 330 379 55 505 80 84 364 332 109 301 57 716 200 233 418 563
84 364
182 240
240 330
55 379
24 330
157 330
200 233
200 418
80 364
57 301
84 109
109 505
418 716
301 716
332 505
379 563
182 379
57 80
332 563
510
308
31 658 695 708 221 107 588 671
695 708
31 658
107 671
658 695
588 671
107 221
588 695
51 186 295 385 457 504 713 786 98 166 227 476 305 16 454 635 797 78
186 385
457 504
305 797
457 713
98 166
295 476
51 457
227 476
51 385
78 166
51 786
305 635
186 295
98 713
305 454
16 635
78 797
161 402 420 539 579 654 701 738 58 656 552 407 375 685
539 654
654 701
579 701
58 402
58 656
420 579
656 738
402 579
375 420
161 539
407 552
375 685
161 407
258 361 368 455 666 719 565 54
368 455
368 719
361 455
258 361
258 666
54 565
54 455
147 158 170 540 566
158 540
158 566
147 540
158 170
124 207 417 490 547 739
124 207
547 739
417 490
490 547
207 417
101 105 335 726 741 47 312
105 726
105 335
105 741
312 741
101 312
47 741
410 584
410 584
33 348 435 737 372 141 398 117 214 535
33 348
372 398
348 435
348 737
117 214
141 535
141 435
117 435
141 398
321 389 479 529 531 699 352
321 479
479 699
529 531
389 479
389 529
352 531
304 344 425 568 648 787 237 390 537 709 756
648 787
304 425
425 568
237 537
537 709
344 787
344 425
390 709
237 756
568 756
4 97 633
4 633
4 97
119 234 582
119 582
119 234
82 144 187 280 286 609 696 678 196 544 351 752 306 0 224 253 630 133 35 715 179 424 791
609 696
187 609
286 609
544 678
144 696
0 224
35 133
196 544
35 715
351 678
187 280
82 280
179 424
253 715
179 752
630 715
280 424
253 752
224 306
0 630
144 791
351 791
159 294
159 294
83 340 439 647
83 439
83 647
83 340
216 324 337 675 717 736
216 337
324 337
675 717
216 736
216 675
72 246 546 599 639 681 754 651 682
72 639
599 639
546 639
246 546
599 681
72 651
246 754
651 682
1 27 480
1 480
1 27
114 721
114 721
203 440
203 440
136
44 115 163 580 593 683 204 470 394 171 618 467 236 14 491 622 422 165 542 276 168 404 249 363 735
249 404
276 622
236 467
204 394
14 622
165 422
168 422
580 593
491 542
168 491
249 363
394 470
44 163
115 593
171 735
163 683
165 276
163 618
580 735
171 618
165 735
115 394
204 467
14 363
12 215 401 634 41 740 252 30 589 419 293 495 362 688
215 401
12 215
293 495
252 740
215 634
41 293
30 589
419 495
30 634
362 688
12 41
589 740
362 495
178 205 511
178 511
205 511
68 388 74 357 437 750 550 220 472 239 405 212
437 750
68 388
220 239
405 472
212 239
212 472
74 472
74 357
550 750
74 388
68 550
