1000
0 0 964341302 0
0 0 0 458901965
0 0 11387007 6807468
0 0 5432229 71375553
5432229 71375553 8302937 79593362
11387007 6807468 68662325 21600841
11387007 6807468 83143321 15771212
83143321 15771212 95494596 18487483
83143321 15771212 91748913 24779050
11387007 6807468 60783749 57337582
0 0 4148188 118440831
8302937 79593362 36786004 100888421
4148188 118440831 18499032 120121461
36786004 100888421 37109818 108189809
60783749 57337582 101149136 59456108
37109818 108189809 37731707 123433355
37109818 108189809 51262510 112630137
60783749 57337582 75632718 98587631
60783749 57337582 99885455 76767587
91748913 24779050 155016247 27625968
4148188 118440831 11845336 173244769
99885455 76767587 103048366 83007706
60783749 57337582 96738748 91316526
155016247 27625968 163929718 29634490
163929718 29634490 177104640 30426309
103048366 83007706 118894261 89774054
96738748 91316526 107954873 102841275
101149136 59456108 143486015 74517714
51262510 112630137 61977222 156599032
0 0 213362367 6568462
11845336 173244769 23294474 201450544
61977222 156599032 70256717 161163540
23294474 201450544 34696058 201792401
4148188 118440831 4833844 237303745
11845336 173244769 56965330 186485749
23294474 201450544 27051411 217947712
107954873 102841275 135409987 111062407
27051411 217947712 27092170 219834329
177104640 30426309 212683297 35597713
177104640 30426309 209198351 43231158
143486015 74517714 154494645 98879729
135409987 111062407 144185619 117067513
213362367 6568462 249139609 12606182
135409987 111062407 148893999 114346822
61977222 156599032 110811769 156895212
209198351 43231158 217343582 51636568
177104640 30426309 200923229 68480224
143486015 74517714 178431525 93359832
4833844 237303745 6716671 266601792
143486015 74517714 187769166 89525294
178431525 93359832 178761947 99406365
27092170 219834329 41100906 246154112
70256717 161163540 104454607 185551365
110811769 156895212 115171033 175975610
4148188 118440831 4603695 287968716
41100906 246154112 41203974 256997980
200923229 68480224 222936166 78556761
200923229 68480224 221619180 84418145
249139609 12606182 271244011 36451111
104454607 185551365 105243605 204134139
178761947 99406365 189145462 120311934
104454607 185551365 108968044 203694573
221619180 84418145 229885768 91601892
110811769 156895212 157106851 165547618
27092170 219834329 102261200 227133404
115171033 175975610 152837670 177119880
108968044 203694573 123632143 206636441
189145462 120311934 192148634 139707686
115171033 175975610 134330672 202394238
271244011 36451111 286783090 50410936
229885768 91601892 235310995 104138737
229885768 91601892 233171411 112567270
221619180 84418145 256118806 90060363
134330672 202394238 141152675 206845106
152837670 177119880 162246340 186294130
41203974 256997980 60093722 294629060
41203974 256997980 55231453 303214573
286783090 50410936 290665983 68867676
102261200 227133404 121188736 240717189
60093722 294629060 65621751 296702065
55231453 303214573 59624863 304404050
41203974 256997980 94987387 269259311
41203974 256997980 83419250 283340576
271244011 36451111 285528885 85581057
41203974 256997980 44831134 328333982
4603695 287968716 36436706 339763673
65621751 296702065 82368744 301170456
162246340 186294130 190360293 194112365
256118806 90060363 284101892 101977867
162246340 186294130 180276508 209849599
59624863 304404050 74464729 316672232
286783090 50410936 329249685 67180611
285528885 85581057 297891305 101324540
44831134 328333982 71261646 328525122
121188736 240717189 147379568 252898027
256118806 90060363 264210445 139349188
44831134 328333982 68735000 337368051
286783090 50410936 353879284 57112859
285528885 85581057 310169618 101202709
4603695 287968716 15640619 398790662
147379568 252898027 160822342 258345893
213362367 6568462 414109987 9304046
271244011 36451111 387297601 37482261
286783090 50410936 369279846 55960032
74464729 316672232 98972696 327045373
82368744 301170456 120165966 306797782
264210445 139349188 287455453 139831566
121188736 240717189 178619464 250822574
329249685 67180611 333779367 95817488
353879284 57112859 368410856 64126195
36436706 339763673 47902083 384746887
36436706 339763673 68454818 364746861
36436706 339763673 61592359 372619456
15640619 398790662 32992901 401882889
249139609 12606182 400382332 34516984
297891305 101324540 304330682 131968997
180276508 209849599 188646853 248455907
0 0 431634252 5665620
178619464 250822574 183357695 255932030
353879284 57112859 363090777 76474479
98972696 327045373 110318432 330119883
190360293 194112365 242737463 197825284
68735000 337368051 85096376 358726671
310169618 101202709 321506121 124135128
256118806 90060363 262851632 183532694
333779367 95817488 343566179 111650604
15640619 398790662 17319177 438013482
160822342 258345893 175691680 281489681
262851632 183532694 273992263 189319075
32992901 401882889 58375758 407733216
17319177 438013482 24070621 447365286
321506121 124135128 329715417 143591522
188646853 248455907 218367560 255784149
242737463 197825284 244185479 233136193
363090777 76474479 370090504 107554382
363090777 76474479 398301538 82051374
329715417 143591522 334819899 152248364
363090777 76474479 381241110 107311733
58375758 407733216 81280554 408904214
85096376 358726671 116717341 373797236
17319177 438013482 50001128 441765365
0 458901965 1634999 490616247
273992263 189319075 285419590 209793836
400382332 34516984 427691612 75827472
116717341 373797236 124538488 379638803
0 458901965 20919406 483728015
273992263 189319075 303885283 203307469
329715417 143591522 363682830 145960639
431634252 5665620 451805395 59155697
50001128 441765365 57068318 454009679
20919406 483728015 26149455 485052506
175691680 281489681 183499792 331297383
218367560 255784149 241930241 274525759
50001128 441765365 55701537 462897679
381241110 107311733 395133823 126843103
431634252 5665620 470627327 53090199
427691612 75827472 433421476 91620038
116717341 373797236 121536632 404715144
20919406 483728015 22647543 503713741
303885283 203307469 315810997 211625824
395133823 126843103 399543859 129398455
427691612 75827472 439886068 90186664
116717341 373797236 153859344 376434056
81280554 408904214 89954240 441309957
85096376 358726671 171662632 364058501
26149455 485052506 40787916 500051026
241930241 274525759 246248021 294775036
363682830 145960639 386984171 154139056
241930241 274525759 250193332 292079426
431634252 5665620 496582175 47390960
451805395 59155697 465775246 78538986
399543859 129398455 411822703 132789389
81280554 408904214 113386554 435360582
89954240 441309957 92027016 459272863
433421476 91620038 435808182 115714926
89954240 441309957 106954866 445323579
241930241 274525759 276091744 278074507
399543859 129398455 408755102 145474157
439886068 90186664 461066913 96242310
285419590 209793836 295294276 265723468
334819899 152248364 362711334 198899290
386984171 154139056 387602747 175039575
106954866 445323579 113718204 449296850
250193332 292079426 259529212 303537121
285419590 209793836 301389697 263286154
171662632 364058501 195524889 371480501
40787916 500051026 63373976 504626769
431634252 5665620 535324332 42038189
250193332 292079426 256128221 322017658
183499792 331297383 240112703 340431049
431634252 5665620 570127474 11154087
121536632 404715144 152046891 429591944
121536632 404715144 151067655 433254984
301389697 263286154 316128128 268750015
63373976 504626769 77856154 509306386
153859344 376434056 169496756 417958998
22647543 503713741 23870169 565598058
276091744 278074507 289546159 300286979
1634999 490616247 19162322 571033184
461066913 96242310 477769625 113488645
496582175 47390960 515085741 76555289
295294276 265723468 297817073 295582814
183499792 331297383 233130717 362398008
92027016 459272863 102017191 496026080
387602747 175039575 400177280 203003038
23870169 565598058 34750537 570011252
113718204 449296850 137604626 470865044
408755102 145474157 443911550 165797579
233130717 362398008 238323087 372374418
289546159 300286979 295607657 316183162
169496756 417958998 186630489 425608440
1634999 490616247 12288602 602834440
102017191 496026080 110486146 506143418
570127474 11154087 581726165 36122636
408755102 145474157 456630499 161471320
137604626 470865044 148419795 471118761
1634999 490616247 5904745 617827163
515085741 76555289 543321375 82795066
77856154 509306386 101634715 525251401
431634252 5665620 620425874 9504818
113718204 449296850 136144503 493874402
387602747 175039575 437902240 193012226
387602747 175039575 396152583 235265915
535324332 42038189 569312382 63749978
195524889 371480501 220281230 412924595
301389697 263286154 365891081 267682709
570127474 11154087 611710639 21940840
34750537 570011252 57558889 576342181
387602747 175039575 435936007 198129255
570127474 11154087 617193476 18029605
400177280 203003038 426172384 210477088
12288602 602834440 27769194 609349045
515085741 76555289 518311865 119117892
34750537 570011252 68201256 571226293
110486146 506143418 133459860 506335368
148419795 471118761 153004259 488270224
477769625 113488645 501162367 141133910
295607657 316183162 324879259 317685886
435936007 198129255 444466863 199091044
365891081 267682709 366214160 278870010
362711334 198899290 385513628 260212686
101634715 525251401 117384187 529206140
543321375 82795066 559055740 88696242
110486146 506143418 127362002 521061851
581726165 36122636 586010456 62693014
34750537 570011252 53941813 600329366
295607657 316183162 308473064 346130698
238323087 372374418 254216800 401658845
543321375 82795066 551719713 108308625
324879259 317685886 332597567 329528098
444466863 199091044 455042428 208868677
617193476 18029605 641761526 22805547
238323087 372374418 278167531 387212049
396152583 235265915 421042761 244610762
617193476 18029605 637323740 29355029
396152583 235265915 423276758 243726118
148419795 471118761 190133738 484096993
423276758 243726118 428377472 246642460
148419795 471118761 194196897 481756276
641761526 22805547 654157786 25555199
426172384 210477088 444207078 235850436
444466863 199091044 453472556 229857467
586010456 62693014 611333124 75050253
385513628 260212686 407541034 279824076
332597567 329528098 356431397 332032976
385513628 260212686 410506775 279077088
366214160 278870010 372431782 317490563
435936007 198129255 491228018 198821271
308473064 346130698 330105154 360480150
68201256 571226293 108446331 583610190
501162367 141133910 535918464 156771682
332597567 329528098 356255818 338269879
586010456 62693014 607254774 87323521
53941813 600329366 73759401 621212830
220281230 412924595 252330187 443286316
586010456 62693014 628528399 67893715
194196897 481756276 214382080 485108928
252330187 443286316 255098302 444557648
127362002 521061851 127486217 572330700
455042428 208868677 479219793 221863985
455042428 208868677 486114838 215189459
455042428 208868677 476625962 225251233
254216800 401658845 260085790 441849372
278167531 387212049 312441625 392804930
330105154 360480150 333423475 371849997
127362002 521061851 157172660 553619050
356255818 338269879 368360236 342700742
73759401 621212830 78475171 633210278
607254774 87323521 620010330 95575128
551719713 108308625 568305218 150111286
453472556 229857467 460016738 258685578
312441625 392804930 321324144 397448594
127362002 521061851 179986429 539662981
491228018 198821271 506381968 213389446
127362002 521061851 151330694 568616484
372431782 317490563 398346976 323737888
260085790 441849372 273391745 452434651
654157786 25555199 678966941 50985105
252330187 443286316 252712127 477703660
453472556 229857467 458390640 273308888
410506775 279077088 432763553 299502774
214382080 485108928 219390187 513475295
535918464 156771682 563532181 169624969
214382080 485108928 244335897 489327503
568305218 150111286 570729012 163512500
535918464 156771682 546772800 188204931
410506775 279077088 448780282 286280996
551719713 108308625 606265003 130224331
628528399 67893715 666249784 70597498
398346976 323737888 407114849 330139944
398346976 323737888 412276285 327082410
27769194 609349045 44972707 697281814
219390187 513475295 224783444 518493000
273391745 452434651 277459270 468471928
620010330 95575128 647582848 100325407
252712127 477703660 260367609 487941621
570729012 163512500 580439512 168489269
678966941 50985105 685847612 66604635
273391745 452434651 294769676 458877689
666249784 70597498 667941868 86572853
252712127 477703660 272060395 483553076
260367609 487941621 268926110 491606684
654157786 25555199 719732959 42990711
448780282 286280996 465502096 299027613
273391745 452434651 306701278 457961644
606265003 130224331 624510919 140955214
224783444 518493000 234506277 535703967
412276285 327082410 426584697 344336401
546772800 188204931 571649224 201739213
506381968 213389446 513290593 262927063
273391745 452434651 320393291 456034927
224783444 518493000 245399290 531612038
78475171 633210278 112048526 665846440
321324144 397448594 360404416 418925798
260367609 487941621 266631221 515127578
44972707 697281814 57198006 728299766
465502096 299027613 475322230 312919949
571649224 201739213 575100579 213334216
412276285 327082410 453157486 338050622
667941868 86572853 690825276 101761815
5904745 617827163 10473826 782585320
546772800 188204931 557749769 236504703
571649224 201739213 573391664 222104838
112048526 665846440 125888464 670758379
513290593 262927063 527167846 269532641
268926110 491606684 283678859 514235254
412276285 327082410 460681476 337587618
151330694 568616484 186082289 612275603
580439512 168489269 621711038 177443829
580439512 168489269 612582532 187676255
667941868 86572853 677259694 123199432
624510919 140955214 650175280 150546968
360404416 418925798 376444418 424874054
266631221 515127578 279272033 524046788
575100579 213334216 589923351 213448870
557749769 236504703 564014935 240991061
151330694 568616484 216409902 590566790
719732959 42990711 759642483 52089595
513290593 262927063 515340632 299187262
650175280 150546968 652579312 162581106
27769194 609349045 36065152 780260454
186082289 612275603 205881798 615397247
759642483 52089595 766482210 56679262
677259694 123199432 699576884 124995814
431634252 5665620 817409299 8095020
186082289 612275603 201582036 624237159
320393291 456034927 332804798 494088734
216409902 590566790 218886653 611308187
515340632 299187262 519078002 314013583
690825276 101761815 715552422 119302334
719732959 42990711 749202777 88689100
475322230 312919949 511581405 326321888
426584697 344336401 426808212 412054268
817409299 8095020 824389312 15436380
749202777 88689100 751036124 89598811
766482210 56679262 778546204 62574386
201582036 624237159 205978812 635218556
654157786 25555199 806018693 36960299
218886653 611308187 219106087 624515559
112048526 665846440 123245567 724626584
36065152 780260454 44490879 804197698
589923351 213448870 609634780 240876950
266631221 515127578 278141395 573387227
652579312 162581106 659199539 192753449
690825276 101761815 739590867 112687098
125888464 670758379 142639778 709837540
766482210 56679262 767574384 86903475
690825276 101761815 748407451 106093325
279272033 524046788 308409865 548331309
564014935 240991061 585673980 271281923
219106087 624515559 220297846 637108352
778546204 62574386 782282731 76200364
460681476 337587618 502103444 358235709
824389312 15436380 837962082 23129381
460681476 337587618 484370509 376996935
564014935 240991061 606459032 258191727
218886653 611308187 245371607 620544208
125888464 670758379 172512207 696111885
279272033 524046788 299606170 571023506
659199539 192753449 667095145 205770553
278141395 573387227 278404240 594538364
332804798 494088734 372146076 500927112
219106087 624515559 238792150 634313341
278141395 573387227 291823493 582116142
142639778 709837540 162383436 713002484
125888464 670758379 168789861 707326371
376444418 424874054 416425715 461179357
806018693 36960299 819398292 59541532
299606170 571023506 299962001 579475586
519078002 314013583 566464558 316400696
238792150 634313341 245926646 637451417
502103444 358235709 527968146 358296425
806018693 36960299 829462034 56898334
606459032 258191727 624597551 262215396
44490879 804197698 80245972 806749657
606459032 258191727 617290266 270228235
617290266 270228235 618703858 271107002
123245567 724626584 134283453 757673301
748407451 106093325 775510797 116917600
44490879 804197698 61554288 831497834
511581405 326321888 544899596 348499689
624597551 262215396 626254121 267146732
44490879 804197698 54278075 839789655
416425715 461179357 417215833 477122551
245926646 637451417 254720598 640433463
819398292 59541532 824343253 71171868
585673980 271281923 589636108 305882197
426808212 412054268 446113966 450047480
220297846 637108352 230550336 667800952
36065152 780260454 118619693 781734062
142639778 709837540 157278282 744647879
54278075 839789655 60645026 841318150
134283453 757673301 134741442 767949753
372146076 500927112 395397350 508218389
426808212 412054268 445464573 459463901
824389312 15436380 885728267 19476619
426808212 412054268 473819367 433682570
134283453 757673301 145701609 762871539
168789861 707326371 170405169 738271191
134283453 757673301 148840060 759940593
837962082 23129381 854238797 54950680
667095145 205770553 671297057 238702264
659199539 192753449 667085123 243407378
659199539 192753449 664582271 246464325
61554288 831497834 78551490 832664576
299962001 579475586 325848386 585915701
417215833 477122551 433116774 480155228
118619693 781734062 130384531 783378001
417215833 477122551 434098068 479776747
589636108 305882197 606126295 308108923
44490879 804197698 108263421 805975764
308409865 548331309 351672887 563719567
299962001 579475586 301623086 615206344
118619693 781734062 127941049 790820318
544899596 348499689 549420901 369795241
325848386 585915701 326545474 592715141
659199539 192753449 722317435 197541708
299606170 571023506 346746621 574045200
417215833 477122551 428092956 493277520
484370509 376996935 498099168 424180919
238792150 634313341 290536998 634597001
372146076 500927112 380244717 544903434
172512207 696111885 225229684 701012270
715552422 119302334 736441437 192622729
667095145 205770553 695489454 235152193
667095145 205770553 710673340 221450411
434098068 479776747 440752303 491794280
748407451 106093325 751153810 181585979
589636108 305882197 599615994 333611202
566464558 316400696 588875117 344785645
885728267 19476619 888618661 46222690
380244717 544903434 387185259 548013469
326545474 592715141 335846716 601598003
626254121 267146732 640415454 297051328
395397350 508218389 411107987 526462880
290536998 634597001 300484846 638120859
854238797 54950680 879989727 59008386
108263421 805975764 125619777 816723956
0 0 938461538 4932670
445464573 459463901 472068358 473993450
434098068 479776747 463680140 482478565
473819367 433682570 482537160 464057826
5904745 617827163 8040575 938915050
10473826 782585320 14662044 934054110
44490879 804197698 46816751 903377141
346746621 574045200 364059183 587641563
736441437 192622729 741251272 211203962
108263421 805975764 119521561 833089735
125619777 816723956 136937968 817969313
230550336 667800952 267378157 691809913
230550336 667800952 265019777 696732967
364059183 587641563 374939593 587981416
428092956 493277520 437767054 525804487
46816751 903377141 57893129 906151624
440752303 491794280 457796425 507372347
78551490 832664576 106813144 860703787
498099168 424180919 518966611 448855573
549420901 369795241 587651860 381956222
751153810 181585979 777376411 194889134
335846716 601598003 359831204 612808787
824343253 71171868 824872474 148107869
127941049 790820318 168638736 805413416
938461538 4932670 960989862 14635319
549420901 369795241 585821182 392024192
498099168 424180919 545404171 433583199
518966611 448855573 526964396 454059672
710673340 221450411 721841584 259567625
549420901 369795241 570561402 411679569
482537160 464057826 510253562 472025583
482537160 464057826 504831145 480825936
777376411 194889134 786414116 200859175
411107987 526462880 433072161 554696153
374939593 587981416 385860836 601962856
265019777 696732967 279477969 709101218
387185259 548013469 408917919 580055911
57893129 906151624 72564121 916627095
411107987 526462880 423064974 566360278
300484846 638120859 302716143 690121611
78551490 832664576 100228524 893417005
526964396 454059672 538371236 455706112
964341302 0 987607743 6478820
265019777 696732967 291262123 702999583
482537160 464057826 492031785 502927939
640415454 297051328 680283316 315162434
265019777 696732967 294611880 701642690
695489454 235152193 708994027 287359339
526964396 454059672 543727967 454991385
482537160 464057826 501457573 498040185
300484846 638120859 317757036 682886418
457796425 507372347 473072805 528363254
437767054 525804487 453952189 549283560
423064974 566360278 424812354 578676821
545404171 433583199 560540161 443721914
300484846 638120859 358541996 647075370
504831145 480825936 521695971 484909268
225229684 701012270 246762144 760535283
987607743 6478820 988455408 20290911
302716143 690121611 315743276 694370918
824872474 148107869 828468999 182146547
300484846 638120859 344411654 667579676
640415454 297051328 661639259 350683319
424812354 578676821 436018847 580247074
57893129 906151624 66585802 949690244
168638736 805413416 170669192 845920999
14662044 934054110 24766110 994412742
854238797 54950680 876137263 143606754
521695971 484909268 529049859 491284745
100228524 893417005 114618453 905858093
57893129 906151624 61412277 959087135
294611880 701642690 311267535 710697736
988455408 20290911 998334055 24866925
570561402 411679569 604661423 418579096
570561402 411679569 584654252 439049304
824872474 148107869 849942514 174249069
106813144 860703787 141268854 883189507
879989727 59008386 889723677 135497533
168638736 805413416 170283423 855119512
585821182 392024192 629715827 395962045
344411654 667579676 359563136 668147448
560540161 443721914 571329120 457331038
661639259 350683319 667168397 361868422
938461538 4932670 941403894 88249402
315743276 694370918 330923169 698877164
879989727 59008386 902731566 128805690
436018847 580247074 448996258 586824954
106813144 860703787 165376898 871528333
358541996 647075370 382250000 655108854
849942514 174249069 859922667 177749591
876137263 143606754 877897680 160231949
786414116 200859175 788012203 250733136
114618453 905858093 133225523 907659074
359563136 668147448 359754753 682971632
141268854 883189507 158457064 886775953
330923169 698877164 331153562 714585491
246762144 760535283 289029639 760848769
667168397 361868422 683630696 366461096
661639259 350683319 695831367 355184216
661639259 350683319 666538099 385552111
436018847 580247074 440061675 613001487
889723677 135497533 901131815 152803799
960989862 14635319 981368004 73333571
158457064 886775953 158952389 895925633
571329120 457331038 591947004 464460796
448996258 586824954 471292452 588821550
629715827 395962045 640322563 421841870
529049859 491284745 531233245 536823383
786414116 200859175 820050186 248327218
246762144 760535283 283561446 786046089
708994027 287359339 745158324 325155150
981368004 73333571 985389737 85346404
708994027 287359339 743606155 327755774
849942514 174249069 856272400 215609374
359754753 682971632 364048282 709464217
877897680 160231949 899239605 174724565
529049859 491284745 539170618 535429061
591947004 464460796 601659338 473971526
165376898 871528333 194528326 881623664
708994027 287359339 737452684 338700006
985389737 85346404 986930631 89316724
158457064 886775953 184752347 893047377
359754753 682971632 391189055 686999449
981368004 73333571 983480954 96318512
133225523 907659074 133392794 946593549
289029639 760848769 300335675 779836887
194528326 881623664 195955158 884884390
941403894 88249402 962857443 118083660
289029639 760848769 307458515 774801838
448996258 586824954 495461223 586853587
901131815 152803799 919344797 163587881
289029639 760848769 322364162 760872290
133392794 946593549 135784018 947969725
311267535 710697736 328062971 756402316
695831367 355184216 702876845 382723468
440061675 613001487 451678101 635684309
666538099 385552111 701402182 387231132
539170618 535429061 539342326 550238138
902731566 128805690 949793942 141050565
571329120 457331038 577532031 513408806
666538099 385552111 669439851 421782892
695831367 355184216 716681380 374820505
902731566 128805690 957992539 134218262
521695971 484909268 526014491 566322897
983480954 96318512 996113356 98341732
640322563 421841870 663175304 432328446
184752347 893047377 187300541 909814781
495461223 586853587 504280761 593954148
571329120 457331038 634410085 464079613
158952389 895925633 163304736 938089560
322364162 760872290 323468532 781171796
246762144 760535283 267736124 838200169
877897680 160231949 893570291 213607890
328062971 756402316 341375055 769641094
364048282 709464217 384829336 726812207
451678101 635684309 455651652 656627940
962857443 118083660 984148849 130591929
526014491 566322897 533656955 581348931
267736124 838200169 271108020 844074929
391189055 686999449 401580251 716151456
716681380 374820505 731242561 387551711
634410085 464079613 643092312 476174067
669439851 421782892 697306440 422766881
267736124 838200169 268291674 852288116
307458515 774801838 315880657 806655403
899239605 174724565 915859070 212315159
61412277 959087135 129137249 999362599
384829336 726812207 393648036 735815763
323468532 781171796 339849940 790116355
893570291 213607890 915848007 215498997
893570291 213607890 914725044 217030471
165376898 871528333 257148435 877025450
187300541 909814781 199102142 936067185
315880657 806655403 326800874 809356946
856272400 215609374 880072365 256320514
893570291 213607890 907467253 229155146
504280761 593954148 504391220 634242936
268291674 852288116 288056344 854288839
914725044 217030471 921654289 220862165
919344797 163587881 933316928 209689248
663175304 432328446 692366759 451287916
577532031 513408806 602499654 541796486
820050186 248327218 853090349 293120548
643092312 476174067 645690386 501261349
455651652 656627940 458551431 689268952
163304736 938089560 182000405 968688580
856272400 215609374 868846187 283166704
195955158 884884390 250810451 901350846
634410085 464079613 642287375 509991099
504391220 634242936 515685334 637675417
634410085 464079613 680105832 475679918
315880657 806655403 317052579 840232674
391189055 686999449 449156547 709193399
737452684 338700006 801736808 357349146
533656955 581348931 562744823 598278066
199102142 936067185 219604852 942733124
326800874 809356946 348622917 814478241
199102142 936067185 205921125 958260836
533656955 581348931 571278377 592978698
393648036 735815763 398700734 766215728
199102142 936067185 228015990 937706035
288056344 854288839 291039028 877417379
163304736 938089560 179264824 990703625
288056344 854288839 293946248 876287428
182000405 968688580 187227708 985111178
401580251 716151456 441863213 733971437
921654289 220862165 931770780 247058016
441863213 733971437 445428928 734352578
288056344 854288839 314971900 864889681
179264824 990703625 181914450 999201309
571278377 592978698 584751530 597055414
348622917 814478241 350317782 831815791
515685334 637675417 539323169 645477987
350317782 831815791 351990641 835468543
205921125 958260836 224034199 963533888
228015990 937706035 236757131 951228989
515685334 637675417 546059583 642231894
533656955 581348931 559291698 629003358
205921125 958260836 211818914 976591808
504391220 634242936 506936438 682008393
680105832 475679918 705630092 485751694
984148849 130591929 992952647 199174113
642287375 509991099 658916423 533579998
314971900 864889681 324651775 871128814
584751530 597055414 594435446 601708366
868846187 283166704 911863677 287314192
236757131 951228989 247141277 954715739
250810451 901350846 269090881 934023324
236757131 951228989 246439725 958554942
546059583 642231894 547413611 658294426
506936438 682008393 517651870 690360034
692366759 451287916 746092475 463218948
911863677 287314192 918094512 292735571
348622917 814478241 385044876 826105977
911863677 287314192 921700628 290291749
658916423 533579998 681092155 540544687
351990641 835468543 383702852 839173891
398700734 766215728 419561895 803823131
571278377 592978698 633202088 593444714
594435446 601708366 602894442 625847586
594435446 601708366 600750721 628923916
445428928 734352578 478330430 751781245
658916423 533579998 692796282 537381478
642287375 509991099 644122927 587178203
801736808 357349146 805812171 425605232
600750721 628923916 602423371 629019257
868846187 283166704 897477402 337953317
921700628 290291749 924769794 311918916
351990641 835468543 375474397 862625337
324651775 871128814 346142190 892231415
697306440 422766881 801284895 439125092
692796282 537381478 697273938 543747862
506936438 682008393 511039529 734499574
445428928 734352578 460255547 788301545
602423371 629019257 616243737 632628149
324651775 871128814 337136950 912714859
633202088 593444714 633369136 617964387
705630092 485751694 720707176 532460995
924769794 311918916 940554275 316424329
801736808 357349146 859634504 398481710
517651870 690360034 545847475 713137565
419561895 803823131 451026816 808030909
992952647 199174113 997741446 263149755
992952647 199174113 995915963 266003945
931770780 247058016 978000636 284181536
692796282 537381478 694359914 571603476
616243737 632628149 618315619 648416939
633369136 617964387 645852059 621709865
924769794 311918916 932398661 335516001
269090881 934023324 311234123 957030621
931770780 247058016 989448205 280392622
940554275 316424329 949188246 323767568
375474397 862625337 396562908 876518976
940554275 316424329 941825566 331847945
246439725 958554942 290142242 986104603
517651870 690360034 545367732 730909447
644122927 587178203 683036902 594419996
897477402 337953317 915885240 361867908
644122927 587178203 680471406 598044599
801284895 439125092 802354164 476333081
644122927 587178203 675955765 603409644
346142190 892231415 368074113 911602177
633369136 617964387 661699979 618104906
517651870 690360034 583399526 696952316
269090881 934023324 327249256 953777699
949188246 323767568 954897464 326491959
746092475 463218948 785752865 498411219
915885240 361867908 922994106 365291469
859634504 398481710 867642589 420915050
511039529 734499574 541954338 747130139
720707176 532460995 733544340 556081704
545847475 713137565 564435873 725752149
746092475 463218948 762211174 528579675
511039529 734499574 527514751 765088929
327249256 953777699 327615648 965287398
583399526 696952316 593120540 702089183
564435873 725752149 564708529 732822202
949188246 323767568 975410695 324739726
802354164 476333081 805907103 495332408
801284895 439125092 856618966 446744382
460255547 788301545 519277493 789696117
675955765 603409644 706409091 603720464
922994106 365291469 940034600 370771823
527514751 765088929 540451546 771007872
661699979 618104906 679116503 633097200
451026816 808030909 489858478 823051289
975410695 324739726 983274614 330937941
785752865 498411219 798177042 516582477
290142242 986104603 324458673 991879283
368074113 911602177 401020449 915725615
645852059 621709865 652284185 664904883
922994106 365291469 951982754 365661673
661699979 618104906 685341434 632511853
396562908 876518976 435992551 882404041
564708529 732822202 577550744 741849997
805907103 495332408 814191370 510745059
435992551 882404041 440551618 889450394
564708529 732822202 576466050 753682009
856618966 446744382 859135168 471163695
798177042 516582477 801261345 529340361
859135168 471163695 859739051 475063862
401020449 915725615 408922608 926507359
451026816 808030909 475583582 859931468
954897464 326491959 975393035 361600305
327615648 965287398 365737899 975286513
451026816 808030909 486494343 856874700
593120540 702089183 626115757 717791759
435992551 882404041 461914508 887116409
762211174 528579675 775351739 574288418
859135168 471163695 876957492 474674779
652284185 664904883 683828231 668922179
576466050 753682009 593851422 759586931
365737899 975286513 372214194 981280436
486494343 856874700 492554856 862269701
975393035 361600305 990539673 364762716
685341434 632511853 695433117 660221000
652284185 664904883 668592628 688338714
408922608 926507359 430031905 929076743
801261345 529340361 820495247 540469832
626115757 717791759 632253785 733132248
652284185 664904883 679872914 685620335
440551618 889450394 448987903 920906721
576466050 753682009 612474219 757879375
940034600 370771823 942426431 428315746
876957492 474674779 883695867 487819676
626115757 717791759 644596689 728621556
801261345 529340361 818649679 554981538
461914508 887116409 483793692 891141099
706409091 603720464 761316386 615109861
951982754 365661673 972716266 406416416
632253785 733132248 642247682 738132929
372214194 981280436 386708245 993952222
430031905 929076743 430973345 951981313
492554856 862269701 500121115 883139508
706409091 603720464 758936590 626594080
820495247 540469832 835148000 550390174
489858478 823051289 553932765 832682960
695433117 660221000 705870398 681769899
553932765 832682960 555526057 833037910
876957492 474674779 877296641 512965001
448987903 920906721 456864447 933545922
492554856 862269701 509499288 882224006
555526057 833037910 558657945 835599373
775351739 574288418 814750118 581429587
430973345 951981313 435741702 963416443
761316386 615109861 782824466 616604521
942426431 428315746 961794023 440099649
500121115 883139508 501057642 901603449
612474219 757879375 619061439 784393239
448987903 920906721 455600427 951434220
775351739 574288418 795424212 611971607
642247682 738132929 669293845 739185802
612474219 757879375 635906975 777295858
705870398 681769899 727025424 687324373
705870398 681769899 715988637 699077150
669293845 739185802 670948958 745775758
972716266 406416416 997543483 419539289
644596689 728621556 684547263 735062173
635906975 777295858 642625823 778174149
715988637 699077150 719098604 704508334
883695867 487819676 933154670 490509231
758936590 626594080 760751083 663900628
456864447 933545922 482200377 944025028
814750118 581429587 838155817 588309817
835148000 550390174 855595243 571120358
705870398 681769899 711687960 716609165
883695867 487819676 923597002 505598311
961794023 440099649 975058696 454219493
997543483 419539289 997907112 435111502
814750118 581429587 835251889 601168199
961794023 440099649 964764678 472372454
642625823 778174149 661426542 778639698
501057642 901603449 516375217 923905753
635906975 777295858 636546666 806388274
670948958 745775758 674765548 770966892
877296641 512965001 897675758 551450695
711687960 716609165 714249892 736240022
760751083 663900628 784282434 666481130
855595243 571120358 863177563 590111498
501057642 901603449 546718513 908994379
855595243 571120358 874742140 581224260
760751083 663900628 771315475 691859058
874742140 581224260 880427474 583284200
558657945 835599373 580653494 884192398
964764678 472372454 979751699 487633103
880427474 583284200 881360947 588564943
684547263 735062173 710672290 760726994
795424212 611971607 829751175 644945134
784282434 666481130 789801168 690914263
923597002 505598311 941462384 541469855
863177563 590111498 871210422 611850683
760751083 663900628 769362394 714083174
710672290 760726994 715140508 769191895
674765548 770966892 678144827 809002855
979751699 487633103 990407381 497915967
546718513 908994379 548758739 941986363
636546666 806388274 656193182 835250537
964764678 472372454 969823477 524509497
979751699 487633103 986044691 509549934
678144827 809002855 687996557 810594538
674765548 770966892 695220916 803513262
678144827 809002855 682133978 817174773
784282434 666481130 818554537 682096309
674765548 770966892 698415907 802655920
829751175 644945134 849959883 654195268
829751175 644945134 844282232 662756072
941462384 541469855 942837442 565670865
986044691 509549934 988658036 519875873
849959883 654195268 851511393 658490462
580653494 884192398 629003918 891554562
580653494 884192398 595386251 929691191
881360947 588564943 931730785 593825199
942837442 565670865 948967373 578456625
548758739 941986363 578686338 951224520
769362394 714083174 787072197 750531912
969823477 524509497 979952751 559862876
595386251 929691191 601401962 941369456
769362394 714083174 777894392 766047797
931730785 593825199 944512490 600769313
548758739 941986363 578134810 969553832
871210422 611850683 909738905 638277412
580653494 884192398 627434946 922612539
578134810 969553832 583364593 974903304
629003918 891554562 650159772 908868021
698415907 802655920 750453555 808821381
844282232 662756072 847442912 713688609
851511393 658490462 897036593 664387980
629003918 891554562 666726782 897057330
851511393 658490462 852853673 711835885
948967373 578456625 979950691 585473813
948967373 578456625 972908673 593358223
931730785 593825199 935718325 631757875
787072197 750531912 801970166 765997378
777894392 766047797 785893996 784713834
897036593 664387980 903527704 669118028
601401962 941369456 615117356 962268856
777894392 766047797 779016852 798725412
777894392 766047797 797004181 781773390
818554537 682096309 841568054 741191316
666726782 897057330 675954990 910243366
666726782 897057330 672542432 914018949
972908673 593358223 997878410 594208596
935718325 631757875 940224332 653762250
852853673 711835885 876018730 720905847
841568054 741191316 850152577 747841188
698415907 802655920 736480519 871329818
750453555 808821381 768459786 840846527
852853673 711835885 897839553 712197656
736480519 871329818 737642597 873086925
750453555 808821381 763836331 853194614
650159772 908868021 663305494 953812130
797004181 781773390 811626252 810968529
763836331 853194614 763917744 860475781
903527704 669118028 929045671 698627742
763917744 860475781 767699522 861634523
672542432 914018949 683698637 948342315
940224332 653762250 965551641 668877290
763836331 853194614 787175177 853559935
965551641 668877290 968773860 674497097
768459786 840846527 811461288 846940564
737642597 873086925 760891024 898831602
767699522 861634523 781119309 879684956
787175177 853559935 804096308 856712892
850152577 747841188 890406097 775085368
811626252 810968529 827580666 840504576
787175177 853559935 795299205 876459888
929045671 698627742 944528412 733809910
890406097 775085368 892486503 788311750
968773860 674497097 998365590 684533946
897839553 712197656 924052340 766436461
683698637 948342315 724594380 984505478
760891024 898831602 774865227 944014345
683698637 948342315 720352442 999639335
924052340 766436461 937989291 782045909
892486503 788311750 922762003 807832298
724594380 984505478 753207305 986756604
774865227 944014345 777538067 965052887
795299205 876459888 848398032 894255901
795299205 876459888 829330119 926696201
848398032 894255901 854399499 909350850
922762003 807832298 938626054 832474953
777538067 965052887 803649526 972300478
803649526 972300478 807769183 977940842
922762003 807832298 962074174 825988864
848398032 894255901 896102149 900973536
922762003 807832298 933692559 874004129
896102149 900973536 917104564 906080381
933692559 874004129 937802529 885423662
962074174 825988864 987883041 835729695
922762003 807832298 932037528 892863877
896102149 900973536 906485822 920464729
854399499 909350850 867621568 961473616
962074174 825988864 980261565 849754115
854399499 909350850 884018428 956359211
867621568 961473616 878516906 964877134
937802529 885423662 961640927 891079013
961640927 891079013 979204991 895236384
884018428 956359211 933414152 961656705
979204991 895236384 985347561 920501273
979204991 895236384 993974022 915541421
933414152 961656705 948226948 967913305
878516906 964877134 929251227 994781784
