43 24
65 31
83 90
66 59
17 50
3 6
56 16
68 86
20 81
96 31
93 23
56 16
65 37
85 24
59 97
83 82
51 11
39 49
28 66
20 28
40 76
94 68
0 1
35 88
72 46
99 4
13 60
25 5
14 10
82 7
87 22
55 94
90 61
54 90
70 8
78 33
54 97
62 99
87 62
92 80
1 39
61 50
83 42
73 27
19 32
15 9
86 58
8 70
41 78
88 48
41 1
64 22
98 12
96 7
95 40
58 87
11 95
55 94
71 25
92 45
89 74
69 80
57 53
34 58
21 33
82 7
18 0
93 23
15 89
79 18
27 84
86 68
34 64
36 4
55 84
66 47
35 17
26 80
53 29
69 30
3 23
39 44
62 4
52 49
63 38
81 43
91 67
63 38
65 31
3 47
52 14
36 32
32 36
67 91
16 47
95 40
57 77
60 76
92 45
71 51
