q 1 0 0
q 1 0 2
q 1 0 4
q 1 0 6
q 1 0 8
q 1 0 10
q 1 0 12
q 1 2 0
q 1 2 2
q 1 2 4
q 1 2 6
q 1 2 8
#c 2 8 red
q 1 2 9
q 1 3 8
q 1 2 7
q 1 1 8
q 1 3 7
q 1 1 7
q 1 1 9
q 1 1 10
q 1 0 9
q 1 2 10
q 1 2 12
q 1 4 0
q 1 4 2
q 1 4 4
q 1 4 6
#c 4 6 red
q 1 4 7
q 1 5 6
q 1 4 5
q 1 3 6
q 1 4 8
q 1 5 7
q 1 6 6
q 1 5 5
q 1 3 5
q 1 6 7
q 1 7 6
q 1 6 5
q 1 5 4
q 1 7 7
q 1 8 6
q 1 7 5
q 1 7 8
q 1 8 7
q 1 4 10
q 1 4 12
q 1 6 0
q 1 6 2
q 1 6 4
q 1 6 8
q 1 6 10
q 1 6 12
q 1 8 0
q 1 8 2
q 1 8 4
#c 8 4 red
q 1 8 5
q 1 9 4
q 1 8 3
q 1 7 4
q 1 9 5
q 1 9 6
q 1 10 5
q 1 9 7
q 1 10 6
q 1 11 5
q 1 10 4
q 1 9 8
q 1 10 7
q 1 11 6
q 1 12 5
q 1 11 4
q 1 10 3
q 1 9 9
q 1 10 8
q 1 8 8
q 1 11 3
q 1 10 2
q 1 9 3
q 1 9 2
q 1 8 10
q 1 8 12
q 1 10 0
q 1 10 10
q 1 10 12
q 1 12 0
q 1 12 2
q 1 12 4
q 1 12 6
q 1 12 8
q 1 12 10
q 1 12 12
a 23 2 8 2 7 1 8 1 9 4 6 4 7 5 6 3 6 6 6 5 5 7 6 7 7 8 4 8 5 9 5 9 6 10 5 9 7 11 5 10 4 9 8 10 3 9 3
