40 18 33 10 36 48 
8 45 2 31 23 20 
51 53 56 9 42 5 
50 54 12 25 21 1 
49 32 14 43 34 44 
22 55 46 27 41 0 
42 26 44 55 25 11 
2 35 28 39 18 1 
40 31 7 22 43 54 
48 59 49 19 58 53 
5 52 51 12 37 38 
14 16 4 13 45 46 
55 40 22 5 20 29 
14 17 41 53 19 46 
37 10 50 7 35 38 
24 51 56 45 28 12 
23 15 43 36 27 6 
44 58 39 21 42 8 
2 30 44 7 27 59 
25 3 23 22 41 0 
40 57 32 55 51 43 
37 13 46 45 28 24 
11 14 6 17 52 56 
33 15 47 39 8 16 
55 25 9 44 40 33 
24 47 39 20 41 8 
50 4 52 57 27 46 
19 21 53 51 45 23 
14 29 17 18 26 59 
28 11 37 58 15 22 
11 4 14 23 50 52 
58 42 27 39 8 12 
41 26 40 51 18 57 
16 46 44 19 45 47 
59 38 10 53 43 20 
5 28 13 22 17 25 
40 3 26 42 50 20 
56 33 8 45 52 29 
9 41 48 16 13 59 
15 24 17 51 28 18 
31 7 58 19 57 22 
35 34 0 23 12 11 
3 11 54 8 2 56 
30 27 12 52 53 29 
48 15 16 17 49 46 
59 47 24 19 51 58 
38 57 18 45 13 40 
41 28 14 22 50 35 
26 35 22 24 49 27 
28 34 50 17 47 15 
13 56 14 46 10 38 
23 52 39 29 45 19 
3 12 51 8 58 11 
6 57 37 43 18 16 
58 33 42 49 7 37 
4 11 34 10 13 40 
16 44 45 51 46 15 
17 53 29 57 22 50 
14 27 48 18 39 43 
21 12 24 23 52 2 
